# 1     2     3     4     5     6     7     8     9     10     11     12     13     14     15     16     17     18     19
# message_size fragment iterations                timer   core_power  core_energy   dram_power  dram_energy    tot_power   tot_energy      totinst    cachemiss     floatinst        bw  bytesperfrag  fragperbyte  byteperwatt Normalized watt Normalized Energy        BW/Watt              0 Ratio BW / Watts
     1      1    600   0.0001312511936666 17.8744189000 0.0023460388 6.5214018100 0.0008559418 24.3958207100 0.0032019806 175514.478782 0.0333333333 2.3866666656 7618.9783274670     1.000000 1.0000000000 0.0409906275 1.000000000000 1.000000000000 312.306702776500 1.000000000000 1.000000000000 

     2      1    600   0.0001306191111666 17.6947630000 0.0023112742 7.7410085500 0.0010111237 25.4357715500 0.0033223979 175515.331802 0.0083333333 2.3799999962 15311.6950661918     2.000000 0.5000000000 0.0786294214 1.000000000000 1.000000000000 601.974861902300 1.000000000000 1.000000000000 
     2      2    600   0.0002602847383333 17.7866475000 0.0046295929 7.6743956900 0.0019975281 25.4610431900 0.0066271210 350716.899141 0.0016666667 3.6850000015 7683.8926969239     1.000000 1.0000000000 0.0785513769 1.000993547215 1.994680113678 301.790175664900 0.501831617185 0.501333518663 

     4      1    600   0.0001307665201666 17.6938751000 0.0023137665 7.7369498500 0.0010117340 25.4308249500 0.0033255005 175959.905526 0.0016666667 2.4349999982 30588.8693444154     4.000000 0.2500000000 0.1572894315 1.000000000000 1.000000000000 1202.826467664900 1.000000000000 1.000000000000 
     4      2    600   0.0002609997366666 17.7114186000 0.0046226756 7.7532460400 0.0020235952 25.4646646400 0.0066462708 351216.310563 0.0133333333 3.7483333371 15325.6859607854     2.000000 0.5000000000 0.1570804114 1.001330656400 1.998577596955 601.841264255700 0.501021655564 0.500355853844 
     4      4    600   0.0005210182783333 17.8219430000 0.0092855581 7.7174256000 0.0040209198 25.5393686000 0.0133064779 700903.736145 0.0116666667 5.9716666798 7677.2738430515     1.000000 1.0000000000 0.1566209432 1.004268192251 4.001345939657 300.605467711100 0.250982596205 0.249915907067 

     8      1    600   0.0001305594865000 17.7316724000 0.0023150380 7.6504615500 0.0009988403 25.3821339500 0.0033138784 175731.583062 0.0050000000 2.4333333331 61274.7508010457     8.000000 0.1250000000 0.3151823253 1.000000000000 1.000000000000 2414.089805126300 1.000000000000 1.000000000000 
     8      2    600   0.0002611861616666 17.8527165000 0.0046628825 7.6976646400 0.0020105235 25.5503811400 0.0066734060 352732.705337 0.0000000000 3.7216666653 30629.4941085426     4.000000 0.2500000000 0.3131068752 1.006628567571 2.013775167444 1198.788148822900 0.499871377820 0.496579765291 
     8      4    600   0.0005217271816666 17.7924141000 0.0092827861 7.7319941100 0.0040339915 25.5244082100 0.0133167776 701660.952938 0.0133333333 5.9700000209 15333.6845023962     2.000000 0.5000000000 0.3134254841 1.005605291512 4.018487117823 600.745936056100 0.250244746848 0.248849870779 
     8      8    180   0.0010411014611111 17.7964401000 0.0185278998 7.7246503500 0.0080421448 25.5210904500 0.0265700446 1401636.583678 0.0222222222 10.2055555386 7684.1694098307     1.000000 1.0000000000 0.3134662296 1.005474579098 8.017809210743 301.090951614500 0.125405151540 0.124722349174 

    16      1    600   0.0001309782741666 17.7196353000 0.0023208873 7.7250239400 0.0010118103 25.4446592400 0.0033326976 176747.457199 0.0000000000 2.3916666655 122157.6639469881    16.000000 0.0625000000 0.6288156523 1.000000000000 1.000000000000 4800.915696876400 1.000000000000 1.000000000000 
    16      2    600   0.0002610049483333 17.8384139000 0.0046559143 7.7529937600 0.0020235697 25.5914076600 0.0066794840 350863.379589 0.0033333333 3.7349999945 61301.5197687677     8.000000 0.1250000000 0.6252098443 1.005767356466 2.004227484139 2395.394602094600 0.501822953943 0.498945358205 
    16      4    600   0.0005231525033333 17.8394122000 0.0093327332 7.7358175700 0.0040470123 25.5752297700 0.0133797455 706092.430963 0.0100000000 5.9933333262 30583.8161875456     4.000000 0.2500000000 0.6256053276 1.005131549562 4.014689380196 1195.837396675900 0.250363466354 0.249085272930 
    16      8    180   0.0010414896611111 17.8430385000 0.0185833401 7.6391561500 0.0079561021 25.4821946500 0.0265394423 1404223.992050 0.0222222222 10.2833333354 15362.6104967096     2.000000 0.5000000000 0.6278894035 1.001475178332 7.963351561393 602.876271361800 0.125760513097 0.125575267183 
    16     16    180   0.0020835218000000 17.8482796000 0.0371872796 7.7611793900 0.0161705865 25.6094589900 0.0533578661 2805817.406673 0.0277777777 18.6499999802 7679.3052993254     1.000000 1.0000000000 0.6247691529 1.006476791394 16.010413554519 299.862066681000 0.062863884681 0.062459348510 

    32      1    600   0.0001312826558333 17.6642171000 0.0023190053 7.7067258700 0.0010117594 25.3709429700 0.0033307648 176799.581416 0.0016666667 2.4300000015 243748.8775412415    32.000000 0.0312500000 1.2612854018 1.000000000000 1.000000000000 9607.403155234000 1.000000000000 1.000000000000 
    32      2    600   0.0002615301783333 17.8604471000 0.0046710459 7.7370344900 0.0020234680 25.5974815900 0.0066945139 351750.270106 0.0050000000 3.6799999790 122356.8163488133    16.000000 0.0625000000 1.2501229813 1.008929057949 2.009902943966 4780.033376276100 0.501978994049 0.497536462146 
    32      4    600   0.0005218702033333 17.9281272000 0.0093561554 7.7536558800 0.0040464020 25.6817830800 0.0134025574 700288.002566 0.0083333333 6.0083333484 61317.9288558897     8.000000 0.1250000000 1.2460194021 1.012251815408 4.023867870272 2387.604032978600 0.251561892199 0.248517106484 
    32      8    180   0.0010464360111111 17.8745403000 0.0187045627 7.7678198900 0.0081285265 25.6423601900 0.0268330891 1411558.317607 0.0166666666 10.3833333046 30579.9873668554     4.000000 0.2500000000 1.2479350482 1.010697955543 8.056134531438 1192.557437781400 0.125456936152 0.124129009526 
    32     16    180   0.0020840632222222 17.7829544000 0.0370608012 7.6970510800 0.0160411411 25.4800054800 0.0531019423 2806323.174968 0.0499999999 18.7222222209 15354.6205598690     2.000000 0.5000000000 1.2558867000 1.004298717242 15.942867756937 602.614492054200 0.062993605200 0.062723972577 
    32     32    180   0.0041663319222222 17.8576358000 0.0744008381 7.7315171400 0.0322120667 25.5891529400 0.1066129048 5607938.554496 0.1277777778 34.9222222115 7680.6170505330     1.000000 1.0000000000 1.2505298661 1.008600782803 32.008536173337 300.151281620800 0.031510368901 0.031241666116 

    64      1    600   0.0001326704236666 18.3215296000 0.0024307251 7.8210580700 0.0010376231 26.1425876700 0.0034683482 178586.610528 0.0033333333 2.4183333317 482398.3992154244    64.000000 0.0156250000 2.4481126661 1.000000000000 1.000000000000 18452.587988028500 1.000000000000 1.000000000000 
    64      2    600   0.0002624126883333 18.0275466000 0.0047306570 7.7608279200 0.0020365397 25.7883745200 0.0067671967 353678.084164 0.0033333333 3.7250000161 243890.6457095978    32.000000 0.0312500000 2.4817384263 0.986450723452 1.951129566753 9457.387301415600 0.505579301478 0.512523625821 
    64      4    600   0.0005229856583333 18.0584309000 0.0094443004 7.7130966200 0.0040338389 25.7715275200 0.0134781393 702539.845457 0.0300000001 5.9983333309 122374.2926411428    16.000000 0.0625000000 2.4833607534 0.985806296045 3.886039860865 4748.429930906200 0.253678894540 0.257331379965 
    64      8    180   0.0010460992222222 17.9011211000 0.0187263489 7.7273719800 0.0080835978 25.6284930800 0.0268099467 1406067.184624 0.0222222223 10.2333333412 61179.6650264652     8.000000 0.1250000000 2.4972205661 0.980334976916 7.729889062889 2387.173714642100 0.126823938731 0.129367962703 
    64     16    180   0.0020903364444444 18.4367230000 0.0385389540 7.7362829500 0.0161714342 26.1730059500 0.0547103882 2817298.184604 0.0333333333 18.5444444538 30617.0808867138     4.000000 0.2500000000 2.4452674684 1.001163552758 15.774191438778 1169.796122967400 0.063468454573 0.063394691504 
    64     32    180   0.0041680608611111 17.8631635000 0.0744547526 7.7280863300 0.0322111342 25.5912498300 0.1066658868 5616552.123823 0.0555555555 34.8555555417 15354.8621607553     2.000000 0.5000000000 2.5008548009 0.978910357040 30.754088461871 600.004386763200 0.031830251065 0.032516001936 
    64     64    180   0.0083360927222222 17.8458567000 0.1487647162 7.7486854200 0.0645937601 25.5945421200 0.2133584763 11215266.444504 0.3499999993 66.8888887798 7677.4577889938     1.000000 1.0000000000 2.5005331097 0.979036292928 61.515875887936 299.964646876500 0.015915180899 0.016255966212 

   128      1    600   0.0001351219585000 17.8359168000 0.0024100240 7.7762760200 0.0010507456 25.6121928200 0.0034607697 182232.155014 0.0066666667 2.4266666705 947292.3677316296   128.000000 0.0078125000 4.9976197235 1.000000000000 1.000000000000 36985.992350952000 1.000000000000 1.000000000000 
   128      2    600   0.0002644197616666 17.8053028000 0.0047080739 7.6536382100 0.0020237732 25.4589410100 0.0067318471 356020.999482 0.0083333333 3.7249999864 484078.7965061093    64.000000 0.0156250000 5.0277032320 0.994016451028 1.945187858372 19014.097888673700 0.511013086345 0.514089164033 
   128      4    600   0.0005249097216666 17.9252810000 0.0094091543 7.7098238100 0.0040469615 25.6351048100 0.0134561157 706699.548192 0.0283333333 6.0216666938 243851.4561963096    32.000000 0.0312500000 4.9931529809 1.000894573540 3.888185886637 9512.403323632400 0.257419424565 0.257189349777 
   128      8    180   0.0010471602500000 18.7597068000 0.0196444193 7.6806037400 0.0080428229 26.4403105400 0.0276872422 1412413.598750 0.0611111110 10.1388888706 122235.3503200680    16.000000 0.0625000000 4.8410929140 1.032332948834 8.000313500379 4623.067877177300 0.129036561977 0.124995101747 
   128     16    180   0.0020887203888888 18.4703873000 0.0385794745 7.7006281900 0.0160844591 26.1710154900 0.0546639337 2815156.933346 0.0722222223 18.4666666846 61281.5390135086     8.000000 0.1250000000 4.8909068908 1.021818618730 15.795311186888 2341.580480013200 0.064691262276 0.063309927114 
   128     32    180   0.0041815594833333 18.0148336000 0.0753300983 7.7346223900 0.0323427836 25.7494559900 0.1076728819 5645796.639729 0.1277777777 34.7722222040 30610.5893053004     4.000000 0.2500000000 4.9709788062 1.005359290044 31.112409264281 1188.785864726100 0.032313771701 0.032141515994 
   128     64    180   0.0083427924444444 17.8621406000 0.1490201316 7.7327590500 0.0645128038 25.5948996500 0.2135329354 11247721.237845 0.2111111108 66.9888888447 15342.5847343520     2.000000 0.5000000000 5.0009963606 0.999324807129 61.700996218633 599.439143898000 0.016196250763 0.016207193744 
   128    128    180   0.0166771717777777 17.8589521000 0.2978368119 7.7232051400 0.1288012188 25.5821572400 0.4266380307 22487252.770415 0.5444444458 131.0111111606 7675.1622940383     1.000000 1.0000000000 5.0034873446 0.998827293695 123.278366730365 300.020135989000 0.008102210632 0.008111723301 

   256      1     80   0.0001397439275000 17.6534662000 0.0024669647 7.6583886500 0.0010702133 25.3118548500 0.0035371780 187658.911719 0.0124999999 2.5374999870 1831922.1777991032   256.000000 0.0039062500 10.1138380224 1.000000000000 1.000000000000 72374.078812288300 1.000000000000 1.000000000000 
   256      2     80   0.0002705321637500 18.1356362000 0.0049062729 7.9105017800 0.0021400452 26.0461379800 0.0070463181 363856.675774 0.0000000000 3.8125000018 946283.0461688494   128.000000 0.0078125000 9.8287124254 1.029009455622 1.992073355379 36331.030991829500 0.516551989837 0.501989546368 
   256      4     80   0.0005285084287500 17.7169472000 0.0093635559 7.7310446400 0.0040859223 25.4479918400 0.0134494782 710612.212565 0.0250000000 6.0750000143 484382.0572653449    64.000000 0.0156250000 10.0597328704 1.005378388537 3.802318726339 19034.195716142000 0.264411918331 0.262997416043 
   256      8     80   0.0010521634750000 17.8153489000 0.0187446594 7.5819830700 0.0079774857 25.3973319700 0.0267221451 1417110.332438 0.0250000000 10.2499999994 243308.1988518941    32.000000 0.0312500000 10.0797989451 1.003376959946 7.554650908979 9580.069242678500 0.132815794142 0.132368790039 
   256     16     80   0.0020914901250000 17.8208213000 0.0372720718 7.7681391800 0.0162469864 25.5889604800 0.0535190582 2817630.356689 0.0499999999 18.2499999937 122400.7691645209    16.000000 0.0625000000 10.0043141729 1.010947661941 15.130439580937 4783.342772372000 0.066815485203 0.066091933062 
   256     32     80   0.0041851556000000 17.8942755000 0.0748903273 7.6937350100 0.0321994782 25.5880105100 0.1070898055 5626405.669471 0.2125000000 34.7250000134 61168.5739951938     8.000000 0.1250000000 10.0046855889 1.010910131305 30.275492272321 2390.516995109400 0.033390378006 0.033030016192 
   256     64     80   0.0083652837125000 17.8235172000 0.1490987781 7.7106029100 0.0645013809 25.5341201100 0.2136001591 11276730.530877 0.1500000003 66.9499999463 30602.6679785488     4.000000 0.2500000000 10.0258007284 1.008781073584 60.387166979655 1198.500980128300 0.016705222716 0.016559809807 
   256    128     80   0.0166778321250000 17.8567735000 0.2978122707 7.7349609500 0.1290023802 25.5917344500 0.4268146509 22481650.826393 0.3749999996 131.0624999244 15349.7168025967     2.000000 0.5000000000 10.0032297732 1.011057253672 120.665301506678 599.791969262000 0.008379022312 0.008287386576 
   256    256     80   0.0333596135000000 17.8393766000 0.5951147085 7.7485678000 0.2584892270 25.5879444000 0.8536039354 44950499.613551 0.7374999973 259.0374995735 7673.9498195924     1.000000 1.0000000000 10.0047114374 1.010907519485 241.323431633855 299.904896604000 0.004189015184 0.004143816425 

   512      1     80   0.0001435637950000 17.0960668000 0.0024543762 7.4546185400 0.0010702133 24.5506853400 0.0035245896 194401.387229 0.0125000000 2.5500000104 3566358.7745085730   512.000000 0.0019531250 20.8548149637 1.000000000000 1.000000000000 145265.141282959100 1.000000000000 1.000000000000 
   512      2     80   0.0002785326250000 18.4350873000 0.0051347733 8.0325237900 0.0022373199 26.4676110900 0.0073720932 374566.649304 0.0000000000 3.7375000000 1838204.7704465500   256.000000 0.0039062500 19.3443978853 1.078080335577 2.091617498891 69451.102488847600 0.515429009438 0.478098887836 
   512      4     80   0.0005373297637500 17.4392221000 0.0093706131 7.6048341100 0.0040863037 25.0440562100 0.0134569168 725653.910717 0.0000000000 6.0875000247 952859.9280017084   128.000000 0.0078125000 20.4439726419 1.020096012114 3.818009611626 38047.348241505500 0.267180053451 0.261916574791 
   512      8     80   0.0010604802250000 17.9072891000 0.0189903260 7.7980628800 0.0082696915 25.7053519800 0.0272600175 1431104.425862 0.0250000000 10.3875000000 482800.1389653446    64.000000 0.0156250000 19.9180310932 1.047031951410 7.734238840745 18782.086288528000 0.135376211282 0.129295205461 
   512     16     80   0.0020992069875000 17.8873307000 0.0375492096 7.7855582200 0.0163434982 25.6728889200 0.0538927078 2834121.069731 0.1250000000 18.6624999852 243901.6271614806    32.000000 0.0312500000 19.9432172045 1.045709664087 15.290491824543 9500.357669972700 0.068389537503 0.065400119987 
   512     32     80   0.0041837508375000 17.7812042000 0.0743921280 7.7201615800 0.0322992325 25.5013657800 0.1066913604 5636927.657346 0.0624999999 34.6874999911 122378.2246807856    16.000000 0.0625000000 20.0773560293 1.038723173175 30.270577242013 4798.889037416300 0.034314613985 0.033035379272 
   512     64     80   0.0083584266500000 17.8288745000 0.1490213398 7.7514771900 0.0647901535 25.5803516900 0.2138114933 11245845.804917 0.1375000000 66.9999999965 61255.5474181256     8.000000 0.1250000000 20.0153620327 1.041940432038 60.662806210040 2394.632730638800 0.017175935258 0.016484565460 
   512    128     80   0.0167305881250000 17.8266187000 0.2982498151 7.7336220900 0.1293880459 25.5602407900 0.4276378610 22587409.397060 0.0624999998 131.0749996354 30602.6301152518     4.000000 0.2500000000 20.0311101998 1.041121273643 121.329832619039 1197.274719228100 0.008580917414 0.008241996039 
   512    256     80   0.0333677975000000 17.8603408000 0.5959602351 7.7291016700 0.2579030994 25.5894424700 0.8538633345 44970571.841229 0.8625000026 259.0750004545 15344.1353148945     2.000000 0.5000000000 20.0082514732 1.042310718239 242.258941248284 599.627574257700 0.004302465423 0.004127814621 
   512    512     80   0.0666898733750000 17.8722853000 1.1919004436 7.7301820800 0.5155248641 25.6024673800 1.7074253077 89920525.165435 1.8750000016 515.0999995701 7677.3275174928     1.000000 1.0000000000 19.9980725451 1.042841249661 484.432379975196 299.866704389900 0.002152707566 0.002064271591 

  1024      1     80   0.0001621701375000 17.9667219000 0.0029136658 7.8025158700 0.0012653351 25.7692377700 0.0041790008 220507.674039 0.0125000000 2.6874999951 6314356.1187398018  1024.000000 0.0009765625 39.7373026373 1.000000000000 1.000000000000 245034.648486609100 1.000000000000 1.000000000000 
  1024      2     80   0.0002970378212500 18.0154073000 0.0053512573 7.8602295700 0.0023347855 25.8756368700 0.0076860428 402375.437835 0.0000000000 3.9750000161 3447372.4446630548   512.000000 0.0019531250 39.5739051813 1.004128919176 1.839205855063 133228.506103357400 0.545957874379 0.543712927645 
  1024      4     80   0.0005618171950000 17.8693881000 0.0100393295 7.7927982400 0.0043781280 25.6621863400 0.0144174575 761690.960127 0.0000000000 6.0874999893 1822656.9231295955   256.000000 0.0039062500 39.9030693033 0.995845766531 3.449977189575 71025.005390464100 0.288652855311 0.289856988915 
  1024      8     80   0.0010762554312500 17.8486170000 0.0192096710 7.6832311600 0.0082691193 25.5318481600 0.0274787903 1452198.954886 0.0000000000 10.1625000002 951446.9987953428   128.000000 0.0078125000 40.1067714950 0.990787868383 6.575445029539 37265.104853864300 0.150679971307 0.152080961137 
  1024     16     80   0.0021219357125000 17.8073737000 0.0377861022 7.7483666500 0.0164415359 25.5557403500 0.0542276381 2858216.424476 0.0250000000 18.4499999414 482578.2392783023    64.000000 0.0156250000 40.0692754729 0.991715027743 12.976220939515 18883.359772369100 0.076425565838 0.077064039265 
  1024     32     80   0.0042043669125000 17.8713949000 0.0751379014 7.7055785500 0.0323970795 25.5769734500 0.1075349809 5661187.237149 0.1250000003 34.9250000481 243556.2883333389    32.000000 0.0312500000 40.0360113756 0.992538998564 25.732222894178 9522.482744467900 0.038571832781 0.038861780581 
  1024     64     80   0.0083701503875000 17.8466516000 0.1493791578 7.7526518100 0.0648908616 25.5993034100 0.2142700194 11279644.292527 0.3624999998 66.6625000542 122339.4984072500    16.000000 0.0625000000 40.0010884514 0.993405534090 51.273026244480 4779.016696191000 0.019374817654 0.019503432373 
  1024    128     80   0.0167115018750000 17.8249280000 0.2978813177 7.7308244600 0.1291936875 25.5557524600 0.4270750052 22503213.597304 0.3500000000 131.0875000259 61275.1629182939     8.000000 0.1250000000 40.0692564855 0.991715497683 102.195482192303 2397.705292152900 0.009704103120 0.009785168370 
  1024    256     80   0.0334624547500000 17.8024538000 0.5957138047 7.7424579700 0.2590816495 25.5449117700 0.8547954542 45140129.003352 0.6000000005 259.0749998159 30601.4608805709     4.000000 0.2500000000 40.0862609830 0.991294814305 204.545413717737 1197.947409491900 0.004846331170 0.004888889864 
  1024    512     80   0.0667058012500000 17.8185140000 1.1885982535 7.7282991200 0.5155223851 25.5468131200 1.7041206386 89965982.068389 3.4625000000 515.0625006302 15350.9886818127     2.000000 0.5000000000 40.0832775184 0.991368598016 407.781837545673 600.896425307700 0.002431124946 0.002452291661 
  1024   1024     80   0.1333967137500000 17.8463326000 2.3806421213 7.7267910000 1.0307285272 25.5731236000 3.4113706486 179842968.298874 2.7374999942 1027.0624960684 7676.3510225528     1.000000 1.0000000000 40.0420385095 0.992389601440 816.312507546956 300.172600837500 0.001215698145 0.001225021043 

  2048      1     80   0.0002418194087500 18.2784738000 0.0044200897 7.6532334500 0.0018507004 25.9317072500 0.0062707901 334581.650730 0.0125000000 2.8625000109 8469129.9618438919  2048.000000 0.0004882812 78.9766743953 1.000000000000 1.000000000000 326593.612992599700 1.000000000000 1.000000000000 
  2048      2     80   0.0003349165250000 17.2359087000 0.0057725906 7.5549831100 0.0025302887 24.7908918100 0.0083028793 459154.674033 0.0250000000 4.0250000041 6114956.5552192445  1024.000000 0.0009765625 82.6109853447 0.956006928930 1.324056328515 246661.419124608900 0.722028895856 0.755254877351 
  2048      4     80   0.0005967842475000 17.9195787000 0.0106941223 7.8261526100 0.0046705246 25.7457313100 0.0153646469 812323.363984 0.0125000000 6.1500000051 3431725.9689398889   512.000000 0.0019531250 79.5471674640 0.992828241572 2.450193134234 133293.007979422100 0.405204074609 0.408131092209 
  2048      8     80   0.0011157103100000 17.7579919000 0.0198127746 7.5004249000 0.0083683014 25.2584168000 0.0281810760 1505920.273086 0.0000000000 10.2375000085 1835601.9314726956   256.000000 0.0039062500 81.0818831685 0.974036015310 4.494023164688 72672.881519347400 0.216740319223 0.222517767121 
  2048     16     80   0.0021633721875000 17.8270709000 0.0385665894 7.6912084800 0.0166389465 25.5182793800 0.0552055359 2917079.137444 0.0749999999 18.4874999780 946670.2085907259   128.000000 0.0078125000 80.2561947654 0.984057051623 8.803601279980 37097.728827778200 0.111778920958 0.113589878527 
  2048     32     80   0.0042371250750000 17.8262735000 0.0755321504 7.7164987300 0.0326957703 25.5427722300 0.1082279207 5699934.289045 0.1750000001 34.5375000190 483346.6002888762    64.000000 0.0156250000 80.1792374593 0.985001565217 17.259056468913 18923.028242063100 0.057071576710 0.057940594944 
  2048     64     80   0.0084193154625000 17.8332114000 0.1501434325 7.7086484000 0.0649015427 25.5418598000 0.2150449752 11322990.869427 0.2499999995 66.9874999759 243250.1797945310    32.000000 0.0312500000 80.1821016964 0.984966379334 34.293122749914 9523.589186505900 0.028721979812 0.029160365688 
  2048    128     80   0.0167736258750000 17.8358473000 0.2991718298 7.7272539900 0.1296140675 25.5631012900 0.4287858972 22563087.966810 0.3000000007 131.0500003825 122096.4396882376    16.000000 0.0625000000 80.1154749091 0.985785511287 68.378288760219 4776.276489425800 0.014416644949 0.014624525095 
  2048    256     80   0.0334431430000000 17.8127053000 0.5957128506 7.7242527000 0.2583232876 25.5369580000 0.8540361382 45021485.511676 0.5375000002 259.0749995068 61238.2634012598     8.000000 0.1250000000 80.1974925909 0.984777352058 136.192748044008 2398.024987990300 0.007230762035 0.007342534858 
  2048    512     80   0.0669107758750000 17.8604153000 1.1950542452 7.7284779300 0.5171184546 25.5888932300 1.7121726998 90215809.817987 1.1374999979 515.0250004566 30607.9248554222     4.000000 0.2500000000 80.0347237214 0.986780121466 273.039388718546 1196.141020258600 0.003614057759 0.003662475236 
  2048   1024     80   0.1335447600000000 17.8301019000 2.3811166790 7.7333217700 1.0327445998 25.5634236700 3.4138612788 180044182.732850 2.7625000011 1027.0750010614 15335.6822087216     2.000000 0.5000000000 80.1144645739 0.985797943172 544.406879538612 599.907211439700 0.001810774220 0.001836861430 
  2048   2048     80   0.2668604362500000 17.8589594000 4.7658496965 7.7350279700 2.0641729385 25.5939873700 6.8300226349 359785747.425018 5.5500000079 2051.0875037037 7674.4234880939     1.000000 1.0000000000 80.0187938828 0.986976565918 1089.180551349976 299.852593390300 0.000906164331 0.000918121424 

  4096      1     80   0.0003222328637500 17.8302927000 0.0057455063 7.8636071800 0.0025339127 25.6938998800 0.0082794189 456664.699162 0.0125000000 2.9749999984 12711304.3416261417  4096.000000 0.0002441406 159.4152705167 1.000000000000 1.000000000000 494720.708066608200 1.000000000000 1.000000000000 
  4096      2     80   0.0004992363800000 17.7257409000 0.0088493347 7.8068753500 0.0038974762 25.5326162500 0.0127468109 697937.162047 0.0250000000 4.1000000033 8204530.2868352662  2048.000000 0.0004882812 160.4222599006 0.993722882444 1.539577958565 321335.275887964100 0.645451486828 0.649528654548 
  4096      4     80   0.0006685038412500 17.5788914000 0.0117515564 7.7183693000 0.0051597595 25.2972607000 0.0169113160 914151.901764 0.0250000000 6.1375000004 6127115.1297217770  1024.000000 0.0009765625 161.9147641546 0.984562904741 2.042572803135 242204.687787471600 0.482020960638 0.489578632626 
  4096      8     80   0.0011920170312500 17.7041667000 0.0211036682 7.7568136400 0.0092462540 25.4609803400 0.0303499222 1615532.803221 0.0250000000 10.3749999979 3436192.5145522118   512.000000 0.0019531250 160.8736170132 0.990934831182 3.665706786954 134959.159807128200 0.270325721279 0.272798687433 
  4096     16     80   0.0022323246000000 17.7556710000 0.0396364212 7.7151799200 0.0172227859 25.4708509200 0.0568592071 3009732.959022 0.0499999999 18.6874999764 1834858.6043445473   256.000000 0.0039062500 160.8112745375 0.991318991626 6.867535935665 72037.585634950000 0.144348569983 0.145612634482 
  4096     32     80   0.0043229851250000 17.7263141000 0.0766305922 7.6750420000 0.0331790924 25.4013561000 0.1098096846 5826722.531776 0.0375000000 34.6375000220 947493.4290920096   128.000000 0.0078125000 161.2512333544 0.988614271038 13.262969947651 37300.899422925200 0.074539433847 0.075397893830 
  4096     64     80   0.0084824914750000 17.7580239000 0.1506322863 7.7542428700 0.0657752990 25.5122667700 0.2164075854 11433355.501148 0.1625000002 66.7624999650 482876.9957590791    64.000000 0.0156250000 160.5502183293 0.992930885897 26.138016082124 18927.247826010300 0.037987997358 0.038258450711 
  4096    128     25   0.0168326069200000 17.8079022000 0.2997534178 7.7318079700 0.1301464843 25.5397101700 0.4298999021 22646131.671586 0.3200000006 131.0000000214 243337.2334699538    32.000000 0.0312500000 160.3777009502 0.993998975993 51.923921871490 9527.799330933100 0.019143372460 0.019258945856 
  4096    256     25   0.0335227918800000 17.7429826000 0.5947943130 7.7298993600 0.2591278075 25.4728819600 0.8539221205 45129777.647454 22.8000000195 259.2399999023 122185.5272276325    16.000000 0.0625000000 160.7984525045 0.991398039183 103.137928735789 4796.690355629900 0.009612351647 0.009695754144 
  4096    512     25   0.0668724948000000 17.7767228000 1.1887738030 7.7130061400 0.5157879630 25.4897289400 1.7045617660 89974878.068210 18.8799999804 515.2399990675 61250.8926465234     8.000000 0.1250000000 160.6921756461 0.992053719328 205.879395462795 2402.963671787200 0.004818615855 0.004857212629 
  4096   1024     25   0.1339255580000000 17.7596593000 2.3784722816 7.7137816200 1.0330725077 25.4734409200 3.4115447894 180555002.105037 2.1600000010 1027.1999979204 30584.1548183058     4.000000 0.2500000000 160.7949241275 0.991419793763 412.051233839964 1200.629114627900 0.002406059519 0.002426882672 
  4096   2048     25   0.2672730176000000 17.8038000000 4.7584753507 7.7367415700 2.0678222658 25.5405415700 6.8262976166 360070850.765962 5.6400000016 2051.2799983997 15325.1534209489     2.000000 0.5000000000 160.3724803083 0.994031333868 824.489939046413 600.032437798800 0.001205631854 0.001212871076 
  4096   4096     25   0.5342125360000000 17.7925782000 9.5050183222 7.7301016500 4.1295172060 25.5226798500 13.6345355282 719887243.263291 11.5999999861 4099.2399946617 7667.3603181786     1.000000 1.0000000000 160.4847149309 0.993336160302 1646.798601236054 300.413607161900 0.000603192254 0.000607238795 

  8192      1     80   0.0004380334037500 17.5175306000 0.0076732636 7.7346233000 0.0033880234 25.2521539000 0.0110612869 627275.472718 0.0125000000 3.0999999947 18701770.0702009532  8192.000000 0.0001220703 324.4079706008 1.000000000000 1.000000000000 740600.985732189400 1.000000000000 1.000000000000 
  8192      2     80   0.0006531364375000 17.4820316000 0.0114181518 7.7536653200 0.0050642013 25.2356969200 0.0164823532 928391.214104 0.0000000000 4.1124999981 12542555.4748658468  4096.000000 0.0002441406 324.6195270917 0.999348294008 1.490093629806 497016.409518118700 0.670661409470 0.671098768558 
  8192      4     80   0.0010623345750000 17.7456828000 0.0188518524 7.7919918400 0.0082777023 25.5376746400 0.0271295547 1481255.708162 0.0000000000 6.1500000014 7711318.2539502679  2048.000000 0.0004882812 320.7809683333 1.011306787576 2.452658078533 301958.512772025300 0.412330930441 0.407720916646 
  8192      8     80   0.0013413965375000 17.7443317000 0.0238021851 7.7579551400 0.0104064942 25.5022868400 0.0342086793 1825768.951874 0.0000000000 10.4125000244 6107068.0973037773  1024.000000 0.0009765625 321.2260944046 1.009905410088 3.092649119217 239471.390766608400 0.326550271679 0.323347383247 
  8192     16     80   0.0023872418125000 17.7973476000 0.0424865723 7.7451923100 0.0184896469 25.5425399100 0.0609762193 3234818.267515 0.0999999999 18.5999999980 3431575.2837041094   512.000000 0.0019531250 320.7198668912 1.011499455101 5.512579113529 134347.457057731100 0.183489331267 0.181403292252 
  8192     32     80   0.0044720721250000 17.7288864000 0.0792848587 7.6946969200 0.0344112396 25.4235833200 0.1136960983 6043676.511312 0.0125000000 34.7750000101 1831813.0323088203   256.000000 0.0039062500 322.2205106530 1.006788704863 10.278740534946 72051.724937915600 0.097948644723 0.097288183955 
  8192     64     80   0.0086306876125000 17.8279795000 0.1538677218 7.7395941600 0.0667980194 25.5675736600 0.2206657413 11637530.971068 0.0999999997 66.9499999825 949171.1863299698   128.000000 0.0078125000 320.4058433130 1.012490806180 19.949373230124 37124.022754452000 0.050753013365 0.050126888121 
  8192    128     25   0.0169457234000000 17.8432237000 0.3023663334 7.7292890100 0.1309783936 25.5725127100 0.4333447270 22815237.507528 0.2800000001 131.2000001537 483425.8064190992    64.000000 0.0156250000 320.3439604429 1.012686395436 39.176700683323 18904.118336015400 0.025849200616 0.025525375607 
  8192    256     25   0.0336226150400000 17.8231849000 0.5992620847 7.7505715100 0.2605944822 25.5737564100 0.8598565669 45281522.423779 1.0799999997 259.2399998810 243645.5341220240    32.000000 0.0312500000 320.3283815121 1.012735646680 77.735671513008 9527.170362299700 0.013027939772 0.012864107049 
  8192    512     25   0.0669583840000000 17.8921550000 1.1980297851 7.7138777500 0.5165087885 25.6060327500 1.7145385736 90070040.464584 42.4799999854 515.2799997208 122344.6491779132    16.000000 0.0625000000 319.9246083913 1.014013808540 155.003534872733 4777.961911257500 0.006541875379 0.006451465772 
  8192   1024     25   0.1337305848000000 17.8535883000 2.3875708041 7.7368442800 1.0346527101 25.5904325800 3.4222235142 180064358.258158 1.8399999989 1027.1999995287 61257.4902910317     8.000000 0.1250000000 320.1196374617 1.013396032724 309.387464357742 2393.765330051700 0.003275491574 0.003232193010 
  8192   2048     25   0.2678863852000000 17.9274855000 4.8025292863 7.7282477700 2.0702923590 25.6557332700 6.8728216454 361311920.091467 85.2399998447 2051.3199996292 30580.1281908521     4.000000 0.2500000000 319.3048475281 1.015981978075 621.340147132813 1191.941304854800 0.001635146196 0.001609424410 
  8192   4096     25   0.5343813480000000 17.8393748000 9.5330291531 7.7339004900 4.1328521691 25.5732752900 13.6658813222 720783084.858021 111.4800001822 4099.2000007284 15329.8763713586     2.000000 0.5000000000 320.3344079748 1.012716594048 1235.469382098889 599.449081023700 0.000819701895 0.000809408969 
  8192   8192     25   1.0672878760000000 17.8523123000 19.0535564764 7.7300282300 8.2501654110 25.5823405300 27.3037218874 1438206690.024905 201.3600005365 8195.2400019693 7675.5298961158     1.000000 1.0000000000 320.2208957539 1.013075582831 2468.403728509010 300.032355800800 0.000410417295 0.000405120113 

 16384      1     80   0.0005180004825000 17.5984046000 0.0091159821 7.7177586900 0.0039978027 25.3161632900 0.0131137848 738102.938278 0.0000000000 3.0875000008 31629314.1676755098 16384.000000 0.0000610351 647.1754749058 1.000000000000 1.000000000000 1249372.339929930500 1.000000000000 1.000000000000 
 16384      2     80   0.0008819748762500 17.6503977000 0.0155672073 7.6328557400 0.0067319870 25.2832534400 0.0222991943 1248985.039976 0.0125000000 4.0874999958 18576492.8697990222  8192.000000 0.0001220703 648.0178683839 0.998700045910 1.700439245059 734735.065401417800 0.587318864118 0.588083345468 
 16384      4     80   0.0013012617500000 17.8060105000 0.0231702804 7.7924656700 0.0101400375 25.5984761700 0.0333103179 1842527.729881 0.0125000000 6.0499999767 12590856.5282887935  4096.000000 0.0002441406 640.0380980177 1.011151487560 2.540099476099 491859.610887486400 0.398075546676 0.393685369179 
 16384      8     80   0.0019156662250000 17.8410982000 0.0341775892 7.7816655800 0.0149070739 25.6227637800 0.0490846632 2681449.220001 0.0250000000 10.0874999781 8552638.1298495775  2048.000000 0.0004882812 639.4314110950 1.012110859235 3.742982206573 333790.616940604500 0.270402263056 0.267166645421 
 16384     16     80   0.0026811901250000 17.8935172000 0.0479759216 7.6971461400 0.0206375122 25.5906633400 0.0686134338 3668782.323209 0.0375000000 18.5250000014 6110719.2090676523  1024.000000 0.0009765625 640.2335016611 1.010842877210 5.232161034336 238787.057915617600 0.193197967451 0.191125615866 
 16384     32     80   0.0047670879375000 17.8593678000 0.0851371768 7.7579684500 0.0369829178 25.6173362500 0.1221200946 6472863.932762 0.1249999999 34.9250000396 3436899.0492321917   512.000000 0.0019531250 639.5668870529 1.011896469324 9.312345482066 134163.014284211200 0.108661826526 0.107384332113 
 16384     64     80   0.0087981914125000 17.8961688000 0.1574539187 7.7408097000 0.0681051254 25.6369785000 0.2255590441 11861908.008027 0.3375000004 66.9875000594 1862200.9037814849   256.000000 0.0039062500 639.0768709346 1.012672347161 17.200148357911 72637.300209987100 0.058875791422 0.058139033407 
 16384    128     25   0.0172754002000000 17.9074943000 0.3093591306 7.7322243800 0.1335772706 25.6397186800 0.4429364012 23272833.513373 0.0000000000 131.1200000553 948400.6049249151   128.000000 0.0078125000 639.0085712126 1.012780585521 33.776396974054 36989.509002089900 0.029984861508 0.029606473442 
 16384    256     25   0.0339055884800000 17.8922702000 0.6066479504 7.7415284800 0.2624810788 25.6337986800 0.8691290292 45680448.054235 0.8799999990 259.2399999081 483224.1743765775    64.000000 0.0156250000 639.1561471060 1.012546742820 66.275986873882 18851.055998719300 0.015277731657 0.015088421117 
 16384    512     25   0.0672786860000000 17.9184321000 1.2055285669 7.7002959800 0.5180657953 25.6187280800 1.7235943622 90674824.163386 1.5999999996 515.2399997073 243524.3756098328    32.000000 0.0312500000 639.5321402700 1.011951447244 131.433784265685 9505.716866558500 0.007699325199 0.007608393880 
 16384   1024     25   0.1339047740000000 17.9553194000 2.4043029864 7.7429474500 1.0368176284 25.6982668500 3.4411206147 180546933.460673 1.5600000038 1027.2400010486 122355.6077246357    16.000000 0.0625000000 637.5527227432 1.015093264947 262.404840968020 4761.239675765700 0.003868424306 0.003810905302 
 16384   2048     25   0.2674512464000000 17.8661656000 4.7783282581 7.7247646100 2.0659979231 25.5909302100 6.8443261812 360230249.595933 4.1200000105 2051.2799980918 61259.7631177089     8.000000 0.1250000000 640.2268251115 1.010853418697 521.918445816008 2393.807595699300 0.001936803396 0.001916008157 
 16384   4096     25   0.5354827400000000 17.9069756000 9.5888763594 7.7279780400 4.1381988555 25.6349536400 13.7270752149 723690475.785675 14.4800000175 4099.2800021048 30596.6911277102     4.000000 0.2500000000 639.1273504951 1.012592364267 1046.766850687200 1193.553597068600 0.000967352341 0.000955322571 
 16384   8192     25   1.0686519400000000 17.9017961000 19.1307891317 7.7332587600 8.2641619764 25.6350548600 27.3949511081 1442950113.912641 29.1599999592 8195.2399855225 15331.4651728419     2.000000 0.5000000000 639.1248269011 1.012596362503 2089.019419448848 598.066407759600 0.000484723288 0.000478693491 
 16384  16384     25   2.1347112920000000 17.8853800000 38.1801226477 7.7297592900 16.5008044408 25.6151392900 54.6809270885 2882358848.716472 56.9199999540 16387.3600122920 7675.0425509062     1.000000 1.0000000000 639.6217414439 1.011809688402 4169.728871222988 299.629155399600 0.000242655990 0.000239823746 

 32768      1     80   0.0006268184612500 17.5934644000 0.0110279083 7.7709691600 0.0048709869 25.3644335600 0.0158988952 889361.799981 0.0125000000 3.0874999999 52276698.9578675240 32768.000000 0.0000305175 1291.8877105016 1.000000000000 1.000000000000 2061023.709999519600 1.000000000000 1.000000000000 
 32768      2     80   0.0010455815237500 17.4800208000 0.0182767868 7.7402582100 0.0080930710 25.2202790100 0.0263698578 1489913.290985 0.0000000000 4.0874999959 31339497.9307561621 16384.000000 0.0000610351 1299.2719068257 0.994316665907 1.658596864801 1242630.897078095400 0.599492671792 0.602919263396 
 32768      4     80   0.0017660700500000 17.5786633000 0.0310451508 7.7889313400 0.0137557984 25.3675946400 0.0448009491 2520866.596066 0.0000000000 6.1250000118 18554190.4184378190  8192.000000 0.0001220703 1291.7267271501 1.000124626477 2.817865551640 731413.075687566200 0.354922762689 0.354878535427 
 32768      8     80   0.0025995324625000 17.6550262000 0.0458948137 7.7255643300 0.0200828553 25.3805905300 0.0659776690 3698442.672601 0.0250000001 10.1500000313 12605343.6426358918  4096.000000 0.0002441406 1291.0653107644 1.000636993132 4.149827274774 496652.890236588600 0.241127383593 0.240973884883 
 32768     16     80   0.0038346538750000 17.6615037000 0.0677257536 7.7485136000 0.0297128677 25.4100173000 0.0974386213 5374472.713181 0.0874999999 18.0624999888 8545230.1741314266  2048.000000 0.0004882812 1289.5701570419 1.001797151901 6.128641014883 336293.756641064000 0.163461548729 0.163168310489 
 32768     32     80   0.0053503126125000 17.7299621000 0.0948608398 7.6964328700 0.0411783219 25.4263949700 0.1360391617 7337085.927338 0.0375000000 34.9375000017 6124501.9446982828  1024.000000 0.0009765625 1288.7395180741 1.002442846194 8.556516654933 240871.816548293100 0.117155483547 0.116869988141 
 32768     64     80   0.0095162674750000 17.7720371000 0.1691234586 7.7309385600 0.0735696792 25.5029756600 0.2426931378 12939728.331151 0.2124999999 67.0374999154 3443366.8542928381   512.000000 0.0019531250 1284.8696731258 1.005462061657 15.264780006019 135018.238663559800 0.065868100376 0.065510279191 
 32768    128     25   0.0178269115200000 17.7722507000 0.3168243407 7.7556837300 0.1382598876 25.5279344300 0.4550842284 24116282.984232 0.5199999991 131.2399999958 1838119.8539768149   256.000000 0.0039062500 1283.6134505850 1.006446068255 28.623638449751 72004.253184569700 0.035161360426 0.034936159556 
 32768    256     25   0.0345131816400000 17.7814159000 0.6136932368 7.7229147200 0.2665423585 25.5043306200 0.8802355953 46562919.568577 0.6399999983 259.2399998424 949434.3448771650   128.000000 0.0078125000 1284.8014122865 1.005515481340 55.364576180660 37226.397313585500 0.018161711887 0.018062090762 
 32768    512     25   0.0677920624000000 17.8145208000 1.2076831057 7.7431891100 0.5249267593 25.5577099100 1.7326098650 91552460.319497 1.6800000038 515.2400016899 483360.4236238725    64.000000 0.0156250000 1282.1180033496 1.007619975015 108.976745971219 18912.509192959700 0.009246192534 0.009176269589 
 32768   1024     25   0.1344216880000000 17.8187590000 2.3952276628 7.7480710400 1.0415087879 25.5668300400 3.4367364508 181235726.493968 3.6799999925 1027.2399983472 243770.1868466344    32.000000 0.0312500000 1281.6606497064 1.007979538731 216.161966250286 9534.626954739700 0.004663075360 0.004626160731 
 32768   2048     25   0.2678363976000000 17.8403508000 4.7782952902 7.7228764500 2.0684674075 25.5632272500 6.8467626977 361064641.788758 3.8400000015 2051.2399989690 122343.3420312699    16.000000 0.0625000000 1281.8412823834 1.007837497712 430.643928730423 4785.911451429500 0.002340303509 0.002322104024 
 32768   4096     25   0.5348725520000000 17.8287830000 9.5361266623 7.7329406200 4.1361376839 25.5617236200 13.6722643461 720846299.523235 7.5199999945 4099.2799907363 61263.1922828599     8.000000 0.1250000000 1281.9166847716 1.007778216672 859.950591637950 2396.676890557000 0.001171902463 0.001162857505 
 32768   8192     25   1.0700432760000000 17.8247796000 19.0732855572 7.7306432300 8.2721228074 25.5554228300 27.3454083646 1445200031.248722 20.8000000531 8195.3200018633 30623.0605200307     4.000000 0.2500000000 1282.2327463716 1.007529806236 1719.956512421126 1198.299896023700 0.000585787953 0.000581410047 
 32768  16384     25   2.1353205480000000 345553355.0000000000 737867179.3618385400 7.7298325000 16.5056701698 345553362.7298325000 737867195.8675087098 2883165151.418204 33.9999999459 16387.2800125682 15345.7053699461     2.000000 0.5000000000 0.0000948276 13623539.509069663608 46409966598.931907296181 0.000044409000 0.000293547711 0.000000000021 
 32768  32768      1   7.7078846300000000 17.6434884000 135.9939730579 7.7741229600 59.9220428751 25.4176113600 195.9160159331 11190078906.606645 8492.9999693983 65541.9999924551 8502.4624972883     1.000000 1.0000000000 2578.3697402476 0.000000000000 0.000000000000 334.510681466600 0.000000000000 0.000000000000 

 65536      1     80   0.0009037305112500 17.3206820000 0.0156532288 6.1665409900 0.0055728912 23.4872229900 0.0212261200 1412097.522602 0.3125000002 2.6999999972 72517193.1058889542 65536.000000 0.0000152587 2790.2830414605 1.000000000000 1.000000000000 3087516.695216123300 1.000000000000 1.000000000000 
 65536      2     80   0.0012687305750000 17.4930037000 0.0221939086 7.6855863600 0.0097509384 25.1785900600 0.0319448470 1978999.546871 0.0249999999 4.3624999878 51654781.0002923591 32768.000000 0.0000305175 2602.8463009179 1.072012220036 1.504978158204 2051535.883351697000 0.712310816069 0.664461470453 
 65536      4     80   0.0020911979625000 17.2735980000 0.0361225129 7.6871369200 0.0160753251 24.9607349200 0.0521978380 3259296.999164 0.0625000001 6.3125000191 31338974.6811213240 16384.000000 0.0000610351 2625.5637187785 1.062736745447 2.459132328818 1255530.928138285900 0.432159234781 0.406647494435 
 65536      8     80   0.0035170314875000 17.4472300000 0.0613624573 7.7592113300 0.0272893906 25.2064413300 0.0886518478 5485062.213189 0.0000000000 10.7249999930 18633896.2937703866  8192.000000 0.0001220703 2599.9703465479 1.073198025187 4.176545109322 739251.370307193800 0.256958322512 0.239432347508 
 65536     16     80   0.0051789600875000 17.5006386000 0.0906351088 7.7462006100 0.0401172638 25.2468392100 0.1307523726 8008793.027641 0.1875000001 18.9375000145 12654277.8651989370  4096.000000 0.0002441406 2595.8100915080 1.074918019075 6.159975179357 501222.262317364200 0.174500381540 0.162338316451 
 65536     32     80   0.0069227132000000 17.4914119000 0.1210880280 7.7169403700 0.0534221650 25.2083522700 0.1745101930 10527658.917289 0.2750000004 35.0375000109 9466808.4761910980  2048.000000 0.0004882812 2599.7732536447 1.073279386019 8.221483374070 375542.533474406100 0.130545710206 0.121632551511 
 65536     64     80   0.0105164843125000 17.5695428000 0.1847698212 7.7236807400 0.0812259673 25.2932235400 0.2659957886 15726256.623543 0.2249999999 67.0749999278 6231740.3851497448  1024.000000 0.0009765625 2591.0497290453 1.076892894096 12.531531342621 246379.840643662900 0.085934660709 0.079798707169 
 65536    128      8   0.0166352167500000 17.7513540000 0.2952976214 7.7103578000 0.1282634732 25.4617118000 0.4235610946 24278141.489901 0.3749999991 131.7499997269 3939593.9941690269   512.000000 0.0019531250 2573.9039273863 1.084066507600 19.954711167606 154726.203215018200 0.054326344214 0.050113479046 
 65536    256      8   0.0301220485000000 17.6629874000 0.5320453631 7.7063801900 0.2321319578 25.3693675900 0.7641773210 43582550.354213 0.7499999996 259.8749997851 2175682.0423418413   256.000000 0.0039062500 2583.2729084595 1.080134829085 36.001743111732 85760.200155696500 0.030002292548 0.027776432849 
 65536    512      8   0.0676970670000000 17.6180720000 1.1926918006 7.7555817300 0.5250301360 25.3736537300 1.7177219366 99679567.404561 2.4999999957 515.7500000090 968077.3910042513   128.000000 0.0078125000 2582.8365397181 1.080317317241 80.924913894269 38152.857341931200 0.013349625785 0.012357133938 
 65536   1024      8   0.1328541350000000 17.6521093000 2.3451557120 7.7415988500 1.0285034187 25.3937081500 3.3736591307 195291064.066493 6.9999999975 1027.7500002771 493292.8884750181    64.000000 0.0156250000 2580.7967711088 1.081171161052 158.939039459803 19425.791836353600 0.006802426670 0.006291720418 
 65536   2048      8   0.2638910500000000 17.6663697000 4.6619968498 7.7126788900 2.0353069306 25.3790485900 6.6973037804 387666051.560484 9.1250000033 2051.7500003928 248344.9135542868    32.000000 0.0312500000 2582.2875025276 1.080547010636 315.521808394912 9785.430398369600 0.003424634944 0.003169353031 
 65536   4096      8   0.5252586137500000 17.6627972000 9.2775363722 7.7298152700 4.0601520533 25.3926124700 13.3376884255 771243699.007833 19.8749999998 4099.7499975130 124769.0152706229    16.000000 0.0625000000 2580.9081313483 1.081124511008 628.362055805517 4913.595063053500 0.001720543914 0.001591439188 
 65536   8192      8   1.0474509700000000 17.6874524000 18.5267391732 7.7378428400 8.1050109885 25.4252952400 26.6317501617 1538086902.759667 35.8750000587 8195.7500005496 62567.1290370755     8.000000 0.1250000000 2577.5905208328 1.082516023747 1254.668781234664 2460.822124049200 0.000862790275 0.000797023098 
 65536  16384      8   2.0964470375000000 17.7345534000 37.1795519368 7.7273153100 16.1999072895 25.4618687100 53.3794592263 3082367630.397582 69.1249999434 16388.1249837430 31260.5082922348     4.000000 0.2500000000 2573.8880655786 1.084073188253 2514.800591168068 1227.738177754300 0.000431077196 0.000397645842 
 65536  32768      8   4.1871745125000000 17.6737247000 74.0029696048 7.7238328000 32.3410358390 25.3975575000 106.3440054438 6158287332.976826 132.8749999978 32772.2499962976 15651.6046332329     2.000000 0.5000000000 2580.4056157762 1.081335052288 5010.053897762218 616.264167655900 0.000215833017 0.000199598650 
 65536  65536      1   7.7078846300000000 17.6434884000 135.9939730579 7.7741229600 59.9220428751 25.4176113600 195.9160159331 11190078906.606645 8492.9999693983 65541.9999924551 8502.4624972883     1.000000 1.0000000000 2578.3697402476 0.000000000000 0.000000000000 334.510681466600 0.000000000000 0.000000000000 

131072      1     80   0.0013959588500000 17.6143920000 0.0245889664 7.7263560100 0.0107856751 25.3407480100 0.0353746415 2187037.548665 0.0125000000 3.4874999984 93893885.1958279429 131072.000000 0.0000076293 5172.3808605916 1.000000000000 1.000000000000 3705253.102977678900 1.000000000000 1.000000000000 
131072      2     80   0.0017983099750000 17.5015210000 0.0314731598 7.7344610300 0.0139089584 25.2359820300 0.0453821182 2812250.818458 0.0000000000 4.4375000014 72886210.8436005311 65536.000000 0.0000152587 5193.8537539052 0.995865710832 1.282899737015 2888186.033614818300 0.776261528549 0.779484141391 
131072      4     80   0.0025290853125000 17.5161701000 0.0442998885 7.7751435900 0.0196640015 25.2913136900 0.0639638900 3947337.503935 0.0749999999 6.7875000064 51825851.5646652390 32768.000000 0.0000305175 5182.4907795052 0.998049216227 1.808184828595 2049156.172743877700 0.551961945728 0.553040808763 
131072      8     80   0.0041878727375000 17.4624258000 0.0731304169 7.7232204700 0.0323438645 25.1856462700 0.1054742814 6526525.062578 0.0999999998 10.9499999821 31297990.2245656527 16384.000000 0.0000610351 5204.2341337941 0.993879354313 2.981635348558 1242691.566817024600 0.333333636788 0.335386418222 
131072     16     80   0.0070891692750000 17.5022300000 0.1240762712 7.7271469400 0.0547790527 25.2293769400 0.1788553238 11027320.203906 0.1500000000 19.0249999824 18489049.2687522967  8192.000000 0.0001220703 5195.2135128708 0.995605059883 5.056032132010 732838.124093297400 0.196914306295 0.197783553167 
131072     32     80   0.0103626211250000 17.5368556000 0.1817277903 7.7241517000 0.0800424576 25.2610073000 0.2617702479 16018640.770581 0.2499999994 35.0749999867 12648537.3168557293  4096.000000 0.0002441406 5188.7083695193 0.996853261396 7.399940668075 500713.893418483300 0.134710980278 0.135136218633 
131072     64     80   0.0138635250000000 17.5550602000 0.2433750160 7.7492270400 0.1074316028 25.3042872400 0.3508066188 21092064.811487 0.1250000004 67.0750001965 9454449.7160714897  2048.000000 0.0004882812 5179.8337078946 0.998561180199 9.916895391094 373630.350714888900 0.100692922615 0.100838010340 
131072    128      8   0.0210305322500000 17.6283347000 0.3707332614 7.7247932000 0.1624565125 25.3531279000 0.5331897739 31453045.946481 0.7499999999 131.7499999923 6232462.3286697843  1024.000000 0.0009765625 5169.8551956581 1.000488536881 15.072655215184 245826.169979988300 0.066377723274 0.066345311142 
131072    256      8   0.0374330787500000 17.6529119000 0.6608028413 7.7686345500 0.2908039089 25.4215464500 0.9516067502 55560941.036608 1.9999999972 259.7499998596 3501501.9970805901   512.000000 0.0019531250 5155.9412507731 1.003188478886 26.900816833715 137737.568560884700 0.037292119606 0.037173592391 
131072    512      8   0.0635126238750000 17.7065874000 1.1245918256 7.7135565900 0.4899082184 25.4201439900 1.6145000441 92973971.296527 1.8749999995 515.8749996749 2063715.7151303410   256.000000 0.0039062500 5156.2257102698 1.003133134821 45.640039810976 81184.265358299400 0.021979234439 0.021910585620 
131072   1024      8   0.1347024437500000 17.7381196000 2.3893680576 7.7220447400 1.0401782972 25.4601643400 3.4295463549 198301320.265556 3.8749999897 1027.7499978046 973048.4195465830   128.000000 0.0078125000 5148.1207367571 1.004712423246 96.949289498939 38218.465778629800 0.010363277837 0.010314670742 
131072   2048      8   0.2663082925000000 17.7286295000 4.7212810505 7.7218141300 2.0563831360 25.4504436300 6.7776641865 391879283.490233 5.7499999981 2051.8750026102 492181.4441809017    64.000000 0.0156250000 5150.0870438854 1.004328823283 191.596689284279 19338.815909705200 0.005241890280 0.005219296866 
131072   4096      8   0.5283614562500000 17.6759968000 9.3393154099 7.7300220000 4.0842456808 25.4060188000 13.4235610907 777113797.373459 14.9999999866 4099.7499985910 248072.5996371352    32.000000 0.0312500000 5159.0924588310 1.002575724677 379.468470644098 9764.324020618800 0.002642052771 0.002635265053 
131072   8192      8   1.0518716700000000 17.7188267000 18.6379318314 7.7364971000 8.1378021245 25.4553238000 26.7757339559 1546430793.688185 24.3750000144 8195.8750022246 124608.3564547374    16.000000 0.0625000000 5149.0996944222 1.004521405206 756.918879124385 4895.178605221100 0.001327118972 0.001321145537 
131072  16384      8   2.0985898750000000 17.7540095000 37.2583845774 7.7346695700 16.2318992461 25.4886790700 53.4902838234 3083109359.672072 79.4999998762 16388.2499838682 62457.1773462883     8.000000 0.1250000000 5142.3614240673 1.005837675349 1512.108155181182 2450.388942273500 0.000665188976 0.000661328355 
131072  32768      8   4.1994511500000000 17.7705027000 74.6263579996 7.7261408200 32.4455509516 25.4966435200 107.0719089512 6176437938.425559 131.8749999511 32772.6250364506 31211.6977476925     4.000000 0.2500000000 5140.7550918294 1.006151969544 3026.798422875925 1224.149277657200 0.000332414594 0.000330382093 
131072  65536      1   7.6152194800000000 17.6745885000 134.5958706462 7.8174825100 59.5318450947 25.4920710100 194.1277157409 11042168462.288357 8429.0000340074 65542.0000434756 17211.8479768359     2.000000 0.5000000000 5141.6771885102 0.000000000000 0.000000000000 675.184372822500 0.000000000000 0.000000000000 
131072 131072      1  15.3123159000000000 17.7131993000 271.2301032813 7.7786181300 119.1086580720 25.4918174300 390.3387613533 22222260749.846367 16737.0001085193 131078.0001896067 8559.9069961716     1.000000 1.0000000000 5141.7283353735 0.000000000000 0.000000000000 335.790377429000 0.000000000000 0.000000000000 

262144      1     80   0.0024573958375000 17.5374073000 0.0430963517 7.6622393100 0.0188291550 25.1996466100 0.0619255067 3863331.710853 0.0250000000 3.2499999905 106675528.6224822540 262144.000000 0.0000038146 10402.6855636925 1.000000000000 1.000000000000 4233215.261842207700 1.000000000000 1.000000000000 
262144      2     80   0.0028403763625000 17.5728143000 0.0499134064 7.7617460200 0.0220462799 25.3345603200 0.0719596863 4453590.755381 0.0750000001 4.7625000052 92291994.6317501436 131072.000000 0.0000076293 10347.2883163894 1.005353793729 1.162036293901 3642928.610799358100 0.865165570993 0.860558319259 
262144      4     80   0.0035447999375000 17.5579064000 0.0622392655 7.7348562900 0.0274185181 25.2927626900 0.0896577836 5517606.446845 0.0625000001 6.8250000206 73951705.2081870840 65536.000000 0.0000152587 10364.3877583860 1.003695134358 1.447832862434 2923828.690229453300 0.693239641397 0.690687458438 
262144      8     80   0.0050684633125000 17.4988132000 0.0886920927 7.7026810300 0.0390407562 25.2014942300 0.1277328489 7900780.571446 0.0375000000 10.9374999846 51720607.1815677170 32768.000000 0.0000305175 10401.9229021722 1.000073319282 2.062685567884 2052283.357071709500 0.484840411380 0.484804865835 
262144     16     80   0.0083697167750000 17.5156362000 0.1466009141 7.7192122400 0.0646076202 25.2348484400 0.2112085343 13049713.294693 0.1250000001 19.0499999937 31320534.1407744349 16384.000000 0.0000610351 10388.1741403476 1.001396917605 3.410687220924 1241161.967556260600 0.293605614569 0.293196043853 
262144     32     80   0.0141340397500000 17.5148873000 0.2475561133 7.7533220200 0.1095857616 25.2682093200 0.3571418749 22017838.786137 0.2999999986 35.0499998218 18546997.5064984517  8192.000000 0.0001220703 10374.4589369263 1.002720780614 5.767282240447 734005.218637252100 0.173863656885 0.173391895576 
262144     64      8   0.0207407756250000 17.4801873000 0.3625526427 7.7572113100 0.1608905793 25.2373986100 0.5234432219 32072412.313500 0.2500000009 67.7499999350 12639064.4563949377  4096.000000 0.0002441406 10387.1244438057 1.001498116246 8.452788680177 500806.943366455600 0.118481385746 0.118304152373 
262144    128      8   0.0280054708750000 17.6037725000 0.4930019380 7.7209373300 0.2162284855 25.3247098300 0.7092304236 42628839.473327 0.8750000026 131.7500002720 9360456.7896771705  2048.000000 0.0004882812 10351.3130756373 1.004962895787 11.452961170902 369617.533725446400 0.087746992309 0.087313663695 
262144    256      8   0.0422047608750000 17.6560338000 0.7451686845 7.6961422400 0.3248138429 25.3521760400 1.0699825274 63092371.835597 0.5000000004 259.8750001139 6211242.3945821017  1024.000000 0.0009765625 10340.0986008615 1.006052840040 17.278542957372 244998.393225976500 0.058225560021 0.057875250388 
262144    512      8   0.0749067430000000 17.6371598000 1.3211421964 7.7154346400 0.5779380797 25.3525944400 1.8990802761 111035260.659514 2.0000000006 515.8749996763 3499604.8353083513   512.000000 0.0019531250 10339.9279557126 1.006069443447 30.667173798566 138037.345392424900 0.032806069775 0.032608156413 
262144   1024      8   0.1297799437500000 17.7201259000 2.2997169425 7.7046453800 0.9999084440 25.4247712800 3.2996253866 189539391.296503 3.1249999859 1027.7499964982 2019911.4934506203   256.000000 0.0039062500 10310.5745618333 1.008933643930 53.283785037274 79446.594472987500 0.018935097107 0.018767435520 
262144   2048      8   0.2705075187500000 17.6957125000 4.7868232809 7.6925709600 2.0808982832 25.3882834600 6.8677215641 397575750.363452 6.2499999917 2051.8749986114 969082.1209382742   128.000000 0.0078125000 10325.3928298467 1.007485694260 110.902953106585 38170.446712755900 0.009084390145 0.009016892444 
262144   4096      8   0.5331932787500000 17.6970845000 9.4359665089 7.7291627300 4.1211376180 25.4262472300 13.5571041269 782673949.998972 12.6249999879 4100.2499952471 491649.1082081180    64.000000 0.0156250000 10309.9760506812 1.008992214196 218.926010499030 19336.282848222600 0.004608827484 0.004567753268 
262144   8192      8   1.0573313375000000 17.6985703000 18.7132530071 7.7088370400 8.1507949781 25.4074073400 26.8640479852 1551644966.640054 32.7500000325 8195.9999951965 247929.8500882652    32.000000 0.0312500000 10317.6210186269 1.008244589029 433.812324241067 9758.171968138500 0.002324149252 0.002305144284 
262144  16384      8   2.1064375000000000 17.7240693000 37.3346442261 7.7215919500 16.2650508432 25.4456612500 53.5996950693 3090030570.420000 60.8749997996 16387.8749599150 124448.9808028958    16.000000 0.0625000000 10302.1099520453 1.009762622619 865.551174916978 4890.774092298100 0.001166612271 0.001155333189 
262144  32768      8   4.2039032750000000 17.7179261000 74.4844475580 7.7189502800 32.4497203617 25.4368763800 106.9341679197 6167044212.389203 252.3749999343 32771.7499883945 62357.2862770016     8.000000 0.1250000000 10305.6678848395 1.009414011778 1726.819426154592 2451.452188761200 0.000584550993 0.000579099344 
262144  65536      1   8.5850055800000000 16.3263818000 140.1620788542 7.7490088000 66.5252837875 24.0753906000 206.6873626417 12505201832.061749 16145.0000404231 65542.0000016637 30535.0995473668     4.000000 0.2500000000 10888.4630100248 0.000000000000 0.000000000000 1268.311698642400 0.000000000000 0.000000000000 
262144 131072      1  15.3918730000000000 17.2375546000 265.3182512338 7.7311396100 118.9967190224 24.9686942100 384.3149702562 22291376887.131170 22155.9999769406 131078.9997826712 17031.3255573249     2.000000 0.5000000000 10498.9070631899 0.000000000000 0.000000000000 682.107178456400 0.000000000000 0.000000000000 
262144 262144      1  32.1452432000000000 16.8192308000 540.6582645029 7.7335642900 248.5973049049 24.5527950900 789.2555694078 46674917556.784832 51439.9998277800 262152.9996085707 8154.9857429605     1.000000 1.0000000000 10676.7477608595 0.000000000000 0.000000000000 332.140830120000 0.000000000000 0.000000000000 

524288      1     80   0.0045630768875000 17.5542923000 0.0801015855 7.7171287800 0.0352138520 25.2714210800 0.1153154374 7175483.397532 0.1000000002 3.4625000043 114897910.5384403847 524288.000000 0.0000019073 20746.2808814865 1.000000000000 1.000000000000 4546555.184796136700 1.000000000000 1.000000000000 
524288      2     80   0.0049658094250000 17.5337236000 0.0870691299 7.7406911300 0.0384387970 25.2744147300 0.1255079269 7813468.631040 0.0999999998 4.4874999945 105579565.2085460367 262144.000000 0.0000038146 20743.8235702322 1.000118459899 1.088387900692 4177329.775443865900 0.918898913946 0.918790074166 
524288      4     80   0.0056631563000000 17.5756837000 0.0995338439 7.7128449800 0.0436790466 25.2885286800 0.1432128905 8875883.330880 0.1500000000 7.0250000169 92578762.1295213059 131072.000000 0.0000076293 20732.2460960192 1.000676954412 1.241922969601 3660899.505107993700 0.805748004429 0.805202918760 
524288      8     80   0.0071990488375000 17.5886607000 0.1266216274 7.7411758600 0.0557291031 25.3298365600 0.1823507304 11270361.338025 0.0499999999 11.0124999755 72827398.7070309272 65536.000000 0.0000152587 20698.4359633783 1.002311523353 1.581321065787 2875162.598642165300 0.633844413407 0.632382646152 
524288     16     80   0.0101357935250000 17.5288835000 0.1776691439 7.7127252900 0.0781745911 25.2416087900 0.2558437349 15802514.489326 0.1625000004 19.0624999979 51726389.1284723067 32768.000000 0.0000305175 20770.7838419438 0.998820316043 2.218642539144 2049250.884078546300 0.450194341098 0.450726055394 
524288     32     80   0.0167395340000000 17.5478338000 0.2937425605 7.7639340200 0.1299646375 25.3117678200 0.4237071980 26101726.536770 0.1624999997 35.0749999386 31320346.1936276123 16384.000000 0.0000610351 20713.2114883629 1.001596536256 3.674331966413 1237382.802195268000 0.272592826508 0.272158315889 
524288     64      8   0.0285071788750000 17.6131069000 0.5020999889 7.7628943400 0.2212982175 25.3760012400 0.7233982065 44255337.840338 0.6249999988 67.7499999637 18391437.5497810461  8192.000000 0.0001220703 20660.7808315192 1.004138277767 6.273212177940 724757.118973920900 0.160067641470 0.159407967024 
524288    128      8   0.0415337595000000 17.5620462000 0.7294178032 7.7005272900 0.3198318485 25.2625734900 1.0492496517 64217928.132116 0.3750000003 131.7500002391 12623177.0567265888  4096.000000 0.0002441406 20753.5467519781 0.999649897408 9.098952186608 499678.984079883100 0.109864287327 0.109902764569 
524288    256      8   0.0555653105000000 17.5922365000 0.9775180835 7.7628810000 0.4313468931 25.3551175000 1.4088649767 84531560.762001 1.8749999994 259.7499995689 9435527.2252100525  2048.000000 0.0004882812 20677.7980815904 1.003311900020 12.217488029999 372135.022652135300 0.082120964436 0.081849885797 
524288    512      8   0.0843517905000000 17.6972418000 1.4927940327 7.7361639400 0.6525592799 25.4334057400 2.1453533127 126170157.311894 1.4999999953 515.7499999965 6215493.4340131167  1024.000000 0.0009765625 20614.1483904939 1.006409796247 18.604216054904 244383.056581281700 0.054095791689 0.053751257083 
524288   1024      8   0.1436387237500000 17.7168157000 2.5448207961 7.7098787000 1.1074371367 25.4266944000 3.6522579328 211814310.190851 6.6250000184 1027.7500025494 3650046.3545785298   512.000000 0.0019531250 20619.5894657860 1.006144225902 31.671890717644 143551.745152469700 0.031767734830 0.031573738647 
524288   2048      8   0.2694500450000000 17.7410363000 4.7803230294 7.7191791300 2.0799331639 25.4602154300 6.8602561933 395833810.236953 10.5000000034 2051.8749993322 1945770.6900735533   256.000000 0.0039062500 20592.4416249136 1.007470666149 59.491221170012 76423.968030562400 0.016934778717 0.016809202774 
524288   4096      8   0.5419160700000000 17.7528839000 9.6205730743 7.7317305600 4.1899490394 25.4846144600 13.8105221136 797799029.573133 82.6250002589 4100.3750059963 967470.8483917075   128.000000 0.0078125000 20572.7263727261 1.008436145293 119.762994614522 37962.938380340200 0.008420264945 0.008349824611 
524288   8192      8   1.0649498950000000 17.7469786000 18.8996429966 7.7205744200 8.2220249179 25.4675530200 27.1216679146 1565585194.178768 222.1249999249 8195.7500055313 492312.3636722833    64.000000 0.0156250000 20586.5086287744 1.007761017450 235.195464853750 19330.964513381500 0.004284780822 0.004251782662 
524288  16384      8   2.1106639375000000 17.7400551000 37.4432945488 7.7318151600 16.3192634296 25.4718702600 53.7625579785 3099837883.861441 569.1249983710 16387.7499786855 248399.5631350952    32.000000 0.0312500000 20583.0194111549 1.007931852323 466.221688699481 9751.916942085300 0.002161915407 0.002144902358 
524288  32768      8   4.2061431500000000 17.7251861000 74.5546700970 7.7200183500 32.4715023007 25.4452044500 107.0261723977 6173355460.026370 591.5000015112 32773.2499587720 124648.1589672001    16.000000 0.0625000000 20604.5897972731 1.006876675809 928.116605803920 4898.689621933800 0.001084860102 0.001077450821 
524288  65536      1   7.6988591000000000 17.3293091000 133.4159090612 7.7205138100 59.4391480028 25.0498229100 192.8550570640 11126380777.860215 10801.9999741073 65542.0000443385 68099.4408639067     8.000000 0.1250000000 20929.8086411102 0.000000000000 0.000000000000 2718.559772201800 0.000000000000 0.000000000000 
524288 131072      1  16.0806459000000000 16.9195505000 272.0773003777 7.7180599400 124.1113889301 24.6376104400 396.1886893078 23357682821.226633 25038.9998991078 131078.9998116437 32603.6655032619     4.000000 0.2500000000 21279.9857874528 0.000000000000 0.000000000000 1323.329045349600 0.000000000000 0.000000000000 
524288 262144      1  32.3884039000000000 16.7110772000 541.2451179577 7.7340818800 250.4945677251 24.4451590800 791.7396856828 47060100504.337853 54082.9999023735 262151.9999499472 16187.5219791241     2.000000 0.5000000000 21447.5184343942 0.000000000000 0.000000000000 662.197448834200 0.000000000000 0.000000000000 
524288 524288      1  63.4461359000000000 17.0016630000 1078.6898212240 7.7394396000 491.0375366514 24.7411026000 1569.7273578754 92081475195.384213 97622.9996519278 524294.9999101971 8263.5134916072     1.000000 1.0000000000 21190.9714969614 0.000000000000 0.000000000000 333.999402743100 0.000000000000 0.000000000000 

1048576      1      8   0.0086648409750000 17.8484002000 0.1546535494 7.7195657100 0.0668888093 25.5679659100 0.2215423587 13591283.534720 0.0000000000 4.5000000023 121015031.0923623153 1048576.000000 0.0000009536 41011.3187607891 1.000000000000 1.000000000000 4733072.295165709300 1.000000000000 1.000000000000 
1048576      2      8   0.0091248498375000 17.6118587000 0.1607055660 7.6537673200 0.0698394775 25.2656260200 0.2305450435 14307122.247020 0.2499999997 5.3749999963 114914329.4052591032 524288.000000 0.0000019073 41502.0787203118 0.988175051114 1.040636404129 4548247.857159531500 0.949587240262 0.960950429978 
1048576      4      8   0.0098764158000000 17.3531291000 0.1713867184 7.6634489800 0.0756874086 25.0165780800 0.2470741270 15550029.422836 0.3749999999 7.5000000074 106169689.6155384628 262144.000000 0.0000038146 41915.2450285878 0.978434427207 1.115245538148 4243973.307461180200 0.877326466449 0.896663529055 
1048576      8      8   0.0114272857875000 17.7110092000 0.2023887637 7.7341912300 0.0883808135 25.4452004300 0.2907695772 17922664.159694 0.3749999999 11.6250000006 91760722.4934383833 131072.000000 0.0000076293 41209.1861050433 0.995198465124 1.312478475840 3606209.459653227900 0.758258884579 0.761917256860 
1048576     16      8   0.0144384556250000 17.5061549000 0.2527618407 7.6749931600 0.1108150482 25.1811480600 0.3635768889 22618575.653954 0.0000000000 19.7500000335 72623833.6865062048 65536.000000 0.0000152587 41641.3102969539 0.984870996333 1.641116809637 2884055.703634435600 0.600122423065 0.609341147520 
1048576     32      8   0.0202465333750000 17.4831603000 0.3539733885 7.6453027800 0.1547908779 25.1284630800 0.5087642664 31605454.497920 0.7499999971 35.7499998536 51790396.9325810572 32768.000000 0.0000305175 41728.6165358267 0.982810410826 2.296464971660 2061025.251233990500 0.427966645672 0.435451884674 
1048576     64      8   0.0334807101250000 17.5180673000 0.5865173332 7.7985433300 0.2611007686 25.3166106300 0.8476181019 52216610.261360 0.9999999985 67.7499997858 31318810.0277786446 16384.000000 0.0000610351 41418.4985235521 0.990169132699 3.825986628293 1237085.425276718500 0.258800991455 0.261370490059 
1048576    128      8   0.0563547747500000 17.5435484000 0.9886627184 7.7277796900 0.4354972837 25.2713280900 1.4241600021 87918481.654933 1.2500000008 131.7499997391 18606693.1267434442  8192.000000 0.0001220703 41492.7144416651 0.988398067290 6.428386926686 736276.821719797600 0.153755223287 0.155560020173 
1048576    256      8   0.0829715922500000 17.5608796000 1.4570541417 7.7681644400 0.6445369724 25.3290440400 2.1015911142 128337383.135375 1.3749999996 259.7500004744 12637771.2125923436  4096.000000 0.0002441406 41398.1671927323 0.990655421286 9.486181905975 498943.868257901400 0.104431417308 0.105416489996 
1048576    512      8   0.1114355170000000 17.5709409000 1.9580268834 7.7429591200 0.8628406526 25.3139000200 2.8208675360 169600845.195388 1.2499999974 515.7499996089 9409710.9093144872  2048.000000 0.0004882812 41422.9336124240 0.990063116835 12.732858641667 371721.105869900100 0.077756546640 0.078536959227 
1048576   1024      8   0.1686177250000000 17.6861520000 2.9821987142 7.7339155000 1.3040752370 25.4200675000 4.2862739512 252157780.041394 3.6249999849 1027.7499977292 6218658.2104580049  1024.000000 0.0009765625 41249.9298044743 0.994215480006 19.347424018762 244635.786685381700 0.051387485953 0.051686467356 
1048576   2048      8   0.3002301700000000 17.6909900000 5.3113689352 7.7350779500 2.3223037679 25.4260679500 7.6336727031 445040025.771808 6.2499999821 2051.8749969895 3492573.7143605521   512.000000 0.0019531250 41240.1949865787 0.994450166254 34.456944256988 137361.927972057900 0.028860660389 0.029021726144 
1048576   4096      8   0.5348171312500000 17.7203952000 9.4771709255 7.7264974200 4.1322631848 25.4468926200 13.6094341103 785516469.421412 13.6250000056 4099.7499987813 1960625.3029876181   256.000000 0.0039062500 41206.4457400928 0.995264649114 61.430392780429 77047.729648792600 0.016201502286 0.016278587107 
1048576   8192      8   1.0849808362500000 17.7143062000 19.2196827545 7.7102845200 8.3655109462 25.4245907200 27.5851937007 1597611659.527689 30.2500000297 8196.1250075073 966446.5628943038   128.000000 0.0078125000 41242.5911413058 0.994392389660 124.514308988152 38012.276128168200 0.007986169603 0.008031205473 
1048576  16384      8   2.1291426875000000 17.7118204000 37.7109928870 7.7136950100 16.4235573241 25.4255154100 54.1345502111 3137087416.207531 68.3750001934 16388.2500490399 492487.4251763833    64.000000 0.0156250000 41241.0912066541 0.994428555619 244.353046241292 19369.810886220400 0.004069638463 0.004092439260 
1048576  32768      8   4.2207869000000000 17.6984124000 74.7012272087 7.7236706700 32.5999679839 25.4220830700 107.3011951926 6216239796.723462 267.1250005152 32772.5000347648 248431.4003154245    32.000000 0.0312500000 41246.6593360085 0.994294311854 484.337152675734 9772.267663171600 0.002052897049 0.002064677454 
1048576  65536      1   7.6277009300000000 17.5103310000 133.5635680533 7.7802450800 59.3453826323 25.2905760800 192.9089506857 11021187728.869570 10427.9999628567 65542.9999345244 137469.4694538843    16.000000 0.0625000000 41461.1354317556 0.000000000000 0.000000000000 5435.600558051100 0.000000000000 0.000000000000 
1048576 131072      1  16.2059043000000000 16.8611820000 273.2507018769 7.7319441000 125.3031461375 24.5931261000 398.5538480144 23519415640.889412 25550.9999583656 131078.9997913400 64703.3316122939     8.000000 0.1250000000 42636.9545594287 0.000000000000 0.000000000000 2630.951890751800 0.000000000000 0.000000000000 
1048576 262144      1  32.5126048000000000 16.7423244000 544.3365766506 7.7323338700 251.3983152970 24.4746582700 795.7348919476 47227210525.173536 54568.0000732194 262153.9999644646 32251.3685522975     4.000000 0.2500000000 42843.3356834771 0.000000000000 0.000000000000 1317.745408189400 0.000000000000 0.000000000000 
1048576 524288      1  63.9617419000000000 16.9824185000 1086.2250689348 7.7440129300 495.3205562989 24.7264314300 1581.5456252337 92909646829.419364 98770.0000755573 524294.9995946739 16393.7999318308     2.000000 0.5000000000 42407.0898774251 0.000000000000 0.000000000000 663.007113591800 0.000000000000 0.000000000000 
1048576 1048576      1 127.9671340000000000 16.8325526000 2154.0135141262 7.8214980200 1000.8946852061 24.6540506200 3154.9081993323 185738343249.597660 205354.0003695728 1048592.0017493573 8194.1039642256     1.000000 1.0000000000 42531.5911028984 0.000000000000 0.000000000000 332.363394986200 0.000000000000 0.000000000000 

