     1      1      1 

     2      1      2 
     2      2      3 

     4      1      4 
     4      2      5 
     4      4      6 

     8      1      7 
     8      2      8 
     8      4      9 
     8      8     10 

    16      1     11 
    16      2     12 
    16      4     13 
    16      8     14 
    16     16     15 

    32      1     16 
    32      2     17 
    32      4     18 
    32      8     19 
    32     16     20 
    32     32     21 

    64      1     22 
    64      2     23 
    64      4     24 
    64      8     25 
    64     16     26 
    64     32     27 
    64     64     28 

   128      1     29 
   128      2     30 
   128      4     31 
   128      8     32 
   128     16     33 
   128     32     34 
   128     64     35 
   128    128     36 

   256      1     37 
   256      2     38 
   256      4     39 
   256      8     40 
   256     16     41 
   256     32     42 
   256     64     43 
   256    128     44 
   256    256     45 

   512      1     46 
   512      2     47 
   512      4     48 
   512      8     49 
   512     16     50 
   512     32     51 
   512     64     52 
   512    128     53 
   512    256     54 
   512    512     55 

  1024      1     56 
  1024      2     57 
  1024      4     58 
  1024      8     59 
  1024     16     60 
  1024     32     61 
  1024     64     62 
  1024    128     63 
  1024    256     64 
  1024    512     65 
  1024   1024     66 

  2048      1     67 
  2048      2     68 
  2048      4     69 
  2048      8     70 
  2048     16     71 
  2048     32     72 
  2048     64     73 
  2048    128     74 
  2048    256     75 
  2048    512     76 
  2048   1024     77 
  2048   2048     78 

  4096      1     79 
  4096      2     80 
  4096      4     81 
  4096      8     82 
  4096     16     83 
  4096     32     84 
  4096     64     85 
  4096    128     86 
  4096    256     87 
  4096    512     88 
  4096   1024     89 
  4096   2048     90 
  4096   4096     91 

  8192      1     92 
  8192      2     93 
  8192      4     94 
  8192      8     95 
  8192     16     96 
  8192     32     97 
  8192     64     98 
  8192    128     99 
  8192    256    100 
  8192    512    101 
  8192   1024    102 
  8192   2048    103 
  8192   4096    104 
  8192   8192    105 

 16384      1    106 
 16384      2    107 
 16384      4    108 
 16384      8    109 
 16384     16    110 
 16384     32    111 
 16384     64    112 
 16384    128    113 
 16384    256    114 
 16384    512    115 
 16384   1024    116 
 16384   2048    117 
 16384   4096    118 
 16384   8192    119 
 16384  16384    120 

 32768      1    121 
 32768      2    122 
 32768      4    123 
 32768      8    124 
 32768     16    125 
 32768     32    126 
 32768     64    127 
 32768    128    128 
 32768    256    129 
 32768    512    130 
 32768   1024    131 
 32768   2048    132 
 32768   4096    133 
 32768   8192    134 
 32768  16384    135 
 32768  32768    136 

 65536      1    137 
 65536      2    138 
 65536      4    139 
 65536      8    140 
 65536     16    141 
 65536     32    142 
 65536     64    143 
 65536    128    144 
 65536    256    145 
 65536    512    146 
 65536   1024    147 
 65536   2048    148 
 65536   4096    149 
 65536   8192    150 
 65536  16384    151 
 65536  32768    152 
 65536  65536    153 

131072      1    154 
131072      2    155 
131072      4    156 
131072      8    157 
131072     16    158 
131072     32    159 
131072     64    160 
131072    128    161 
131072    256    162 
131072    512    163 
131072   1024    164 
131072   2048    165 
131072   4096    166 
131072   8192    167 
131072  16384    168 
131072  32768    169 
131072  65536    170 
131072 131072    171 

262144      1    172 
262144      2    173 
262144      4    174 
262144      8    175 
262144     16    176 
262144     32    177 
262144     64    178 
262144    128    179 
262144    256    180 
262144    512    181 
262144   1024    182 
262144   2048    183 
262144   4096    184 
262144   8192    185 
262144  16384    186 
262144  32768    187 
262144  65536    188 
262144 131072    189 
262144 262144    190 

524288      1    191 
524288      2    192 
524288      4    193 
524288      8    194 
524288     16    195 
524288     32    196 
524288     64    197 
524288    128    198 
524288    256    199 
524288    512    200 
524288   1024    201 
524288   2048    202 
524288   4096    203 
524288   8192    204 
524288  16384    205 
524288  32768    206 
524288  65536    207 
524288 131072    208 
524288 262144    209 
524288 524288    210 

1048576      1    211 
1048576      2    212 
1048576      4    213 
1048576      8    214 
1048576     16    215 
1048576     32    216 
1048576     64    217 
1048576    128    218 
1048576    256    219 
1048576    512    220 
1048576   1024    221 
1048576   2048    222 
1048576   4096    223 
1048576   8192    224 
1048576  16384    225 
1048576  32768    226 
1048576  65536    227 
1048576 131072    228 
1048576 262144    229 
1048576 524288    230 
1048576 1048576    231 


