1	1	189.864817400000	90.677644000000	99.187173400000	.0001329136422321	.0000643252466544	.0000685883955777	15047.364336818840

2	1	189.864817400000	90.677644000000	99.187173400000	.0001329136422321	.0000643252466544	.0000685883955777	15047.364336818840
2	2	189.864817400000	90.677644000000	99.187173400000	.0001329136422321	.0000643252466544	.0000685883955777	15047.364336818840

4   1	193.668389400000	91.062181800000	102.606207600000	.0001345992989279	.0000636617664056	.0000709375325223	29717.836807921681
4	2	193.668389400000	91.062181800000	102.606207600000	.0001345992989279	.0000636617664056	.0000709375325223	29717.836807921681
4	4	183.681428100000	89.732006200000	93.949421900000	.0002524355710369	.0001239662463619	.0001284693246750	15845.627395416854

8	1	178.401255000000	88.928212900000	89.473042100000	.0002468445023226	.0001239178074256	.0001229266948970	32409.066941846794
8	2	178.401255000000	88.928212900000	89.473042100000	.0002468445023226	.0001239178074256	.0001229266948970	32409.066941846794
8	4	178.401255000000	88.928212900000	89.473042100000	.0002468445023226	.0001239178074256	.0001229266948970	32409.066941846794
8	8	190.401954433333	90.236333800000	100.165620633333	.0005299246515541	.0002552127316750	.0002747119198791	15096.485842918519

16  1	187.699292500000	92.144323800000	95.554968700000	.0001334887188186	.0000649196576796	.0000685690611390	119860.315849930819
16	2	187.699292500000	92.144323800000	95.554968700000	.0001334887188186	.0000649196576796	.0000685690611390	119860.315849930819
16	4	179.679897700000	91.171539200000	88.508358500000	.0002503002002562	.0001284818178082	.0001218183824480	63923.240906810564
16	8	189.508514833332	90.784089666666	98.724425166666	.0005274677743385	.0002563457395066	.0002711220348319	30333.606674010902
16	16	195.254325899999	95.625635257142	99.628690642857	.0010739527568061	.0005291575523297	.0005447952044764	14898.234488063954

32	1	194.262778000000	93.856077800000	100.406700200000	.0001392667408165	.0000680212825034	.0000712454583131	229774.889628268764
32	2	194.262778000000	93.856077800000	100.406700200000	.0001392667408165	.0000680212825034	.0000712454583131	229774.889628268764
32	4	185.028416800000	90.304311200000	94.724105600000	.0002601751754893	.0001261875642533	.0001339876112360	122994.055600496890
32	8	189.759288600000	91.613142900000	98.146145700000	.0005318132402650	.0002603984089600	.0002714148313050	60171.499273042831
32	16	196.484234042857	96.584220942857	99.900013100000	.0010893133990894	.0005427307992719	.0005465825998175	29376.302565221414
32	32	195.904112569230	96.416522961538	99.487589607692	.0021399058626818	.0010566303733649	.0010832754893169	14953.928842410176

64  1	194.703293400000	93.663556000000	101.039737400000	.0001451320619496	.0000687625309280	.0000763695310216	440977.680191888096
64	2	194.703293400000	93.663556000000	101.039737400000	.0001451320619496	.0000687625309280	.0000763695310216	440977.680191888096
64	4	191.597861500000	91.288563500000	100.309298000000	.0002701123051000	.0001293392445230	.0001407730605770	236938.483703310560
64	8	191.585655166666	93.274933866666	98.310721300000	.0005334443429256	.0002556275447146	.0002778167982110	119975.028039478416
64	16	194.883031152380	95.645439785714	99.237591366666	.0010822518647008	.0005361273071825	.0005461245575183	59135.957245676336
64	32	194.659781769230	95.842739700000	98.817042069230	.0021405106438461	.0010639066026400	.0010766040412061	29899.407500727905
64	64	197.329624161538	97.350380600000	99.979243561538	.0043169811321580	.0021376868843200	.0021792942478380	14825.174824891410

128	1	191.527920300000	91.128503400000	100.399416900000	.0002560117919208	.0001578890867800	.0000981227051408	499976.969965501339
128	2	191.527920300000	91.128503400000	100.399416900000	.0002560117919208	.0001578890867800	.0000981227051408	499976.969965501339
128	4	191.527920300000	91.128503400000	100.399416900000	.0002560117919208	.0001578890867800	.0000981227051408	499976.969965501339
128	8	193.737547900000	93.540534900000	100.197013000000	.0005432626289810	.0002629984061940	.0002802642227870	235613.482635627152
128	16	193.091834190475	94.660656957142	98.431177233333	.0010781099017016	.0005253963495142	.0005527135521874	118726.300350247527
128	32	195.663508769230	96.226340269230	99.437168500000	.0021559780606684	.0010724736375984	.0010835044230700	59369.806370069100
128	64	197.562830223076	96.953055492307	100.609774730769	.0043573945957035	.0021613962746922	.0021959983210113	29375.351988137865
128	128	197.772481318830	97.266627969811	100.505853349019	.0086807239831796	.0043138125637373	.0043669114194423	14745.313898705001

256	1	195.516388700000	92.593968500000	102.922420200000	.0136293417598640	.0001293081120640	.0135000336478000	18783.005409246887
256	2	182.657243000000	90.904889100000	91.752353900000	.0064296003628080	.0002391200586080	.0061904803042000	39815.849439232813
256	4	189.166319500000	93.348585000000	95.817734500000	.0002932295319292	.0001423196319220	.0001509099000072	873036.212675232738
256	8	191.105403000000	92.589425700000	98.515977300000	.0005731145276468	.0002749010759915	.0002982134516553	446682.098691743715
256	16	193.776181700000	94.150545000000	99.625636700000	.0010843649702675	.0005345122362750	.0005498527339925	236082.875248955921
256	32	196.221565271428	96.148304071428	100.073261200000	.0021978104812071	.0010787177700771	.0011190927111300	116479.560994448220
256	64	198.110623723076	97.050478330769	101.060145392307	.0043541190000074	.0021521073083305	.0022020116916769	58794.902022559539
256	128	197.124072453700	96.962393107547	100.161679346153	.0086810636083225	.0043412184282559	.0043398451800666	29489.474049536263
256	256	198.157104219602	97.394135790476	100.762968429126	.0172971773770555	.0085690654677167	.0087281119093388	14800.102607468253

512	1	188.660323500000	92.713444000000	95.946879500000	.0002220122710915	.0001520592609160	.0000699530101755	2306178.831840266328
512	2	196.513496200000	89.837140700000	106.676355500000	.0024364154494930	.0022999556724800	.0001364597770130	210144.784669849062
512	4	194.772555900000	94.879997900000	99.892558000000	.0057317968888040	.0054967827317500	.0002350141570540	89326.263636469193
512	8	186.860399700000	92.831145700000	94.029254000000	.0005767414138690	.0002813517755010	.0002953896383680	887746.202523085592
512	16	196.968419590475	95.689958633333	101.278460957142	.0011764684976911	.0005661736126419	.0006102948850492	435200.773335482476
512	32	195.989117325274	96.776815571428	99.212301753846	.0021741833008312	.0010766699058928	.0010975133949384	235490.724174111773
512	64	197.637921869230	97.263601607692	100.374320261538	.0043974808240472	.0021579926335951	.0022394881904521	116430.297364840649
512	128	197.963176687082	97.278535571698	100.684641115384	.0086469400260797	.0042674925252540	.0043794475008257	59211.697832502212
512	256	198.145221698520	97.271172176190	100.874049522330	.0173636584731629	.0086353827443571	.0087282757288058	29486.873448434969
512	512	197.465698763078	97.568745301913	99.896953461165	.0344382527061866	.0171480749054328	.0172901778007538	14867.188656990795

1024	1	189.511457757142	94.695786500000	94.815671257142	.0002856954383099	.0001905960336500	.0000950994046599	3584236.437437426382
1024	2	188.767862500000	97.893850700000	90.874011800000	.0016997602285375	.0015616818707900	.0001380783577475	602437.910246356007
1024	4	183.870082900000	92.029025100000	91.841057800000	.0007407342292882	.0005115650293975	.0002291691998907	1382412.152040011664
1024	8	195.136020000000	96.381406500000	98.754613500000	.0014753946058371	.0010116712673446	.0004637233384925	694051.608938213108
1024	16	195.891936771428	95.723623285714	100.168313485714	.0012072332681627	.0005814655729342	.0006257676952285	848220.494750310778
1024	32	191.259339684615	91.183888300000	100.075451384615	.0022812547091784	.0010688134047500	.0012124413044284	448875.785715658356
1024	64	191.755490896296	92.453276500000	99.302214396296	.0042912882913333	.0021042014720000	.0021870868193333	238622.979972721427
1024	128	194.797691715384	94.680580400000	100.117111315384	.0086730924585625	.0042033400772864	.0044697523812761	118066.307362958784
1024	256	196.455331868627	96.313149500000	100.142182368627	.0172125027384181	.0085040581651613	.0087084445732568	59491.639046449896
1024	512	197.225547751281	96.619730366666	100.605817384615	.0345594981334372	.0171544349373556	.0174050631960816	29630.059905564825
1024	1024	197.559995448375	97.091540055172	100.468455393203	.0690056579987781	.0342345595970144	.0347710984017637	14839.362882651335

2048	1	189.805100130769	90.411507200000	99.393592930769	.0003538910995431	.0002328522515025	.0001210388480406	5787091.008064689622
2048	2	179.424937800000	89.322416000000	90.102521800000	.0005439974292405	.0003577844448590	.0001862129843815	3764723.673160197888
2048	4	173.874698400000	90.601109600000	83.273588800000	.0008595640861275	.0006006678462075	.0002588962399200	2382603.034552816476
2048	8	191.256703333333	94.510750733333	96.745952600000	.0015346003875708	.0010482658887333	.0004863344988375	1334549.382749659903
2048	16	195.263538666666	97.512614500000	97.750924166666	.0082194819789305	.0073018507032639	.0009176312756666	249164.120713417638
2048	32	199.482175200000	91.123527000000	108.358648200000	.0024620051308762	.0011051230801562	.0013568820507200	831842.295662129583
2048	64	189.093486533333	90.391406300000	98.702080233333	.0045415176441936	.0021493569223787	.0023921607218149	450950.576536545977
2048	128	196.393228600000	95.024846900000	101.368381700000	.0087085055055980	.0042434225439000	.0044650829616980	235172.383904850837
2048	256	194.759221500000	96.134112700000	98.625108800000	.0173263178272156	.0085250926023806	.0088012252248350	118201.687191901222
2048	512	197.269360995238	97.353710000000	99.915650995238	.0346187233286648	.0172515585933696	.0173671647352952	59158.738482543248
2048	1024	196.848407940820	97.287200557894	99.561207382926	.0689581004466357	.0345152703712799	.0344428300753558	29699.193955971520
2048	2048	197.912215323809	97.623214700000	100.289000623809	.1385847877696484	.0691494846206250	.0694353031490234	14777.956750953979

4096	1	186.880057304761	91.083992238095	95.796065066666	.0004586896362523	.0002942856453924	.0001644039908599	8929785.363075033927
4096	2	183.620315948484	91.490085666666	92.130230281818	.0006938011787244	.0004696204230644	.0002241807556600	5903708.620862781923
4096	4	181.723379766666	91.631410566666	90.091969200000	.0010960628654000	.0007391436484863	.0003569192169137	3737011.926323400464
4096	8	194.663364200000	97.843938100000	96.819426100000	.0018648938286514	.0012803792362514	.0005845145924000	2196371.684581114654
4096	16	206.505266700000	101.246323400000	105.258943300000	.0033017854709680	.0022448365282000	.0010569489427680	1240540.924301528404
4096	32	187.545487800000	89.716593300000	97.828894500000	.0195242214106125	.0176904204656250	.0018338009449875	209790.696072192473
4096	64	189.686646100000	92.978560900000	96.708085200000	.0046788477014557	.0022596465214557	.0024192011800000	875429.221328498827
4096	128	195.873391633333	92.905796100000	102.967595533333	.0094182497202949	.0044107342613200	.0050075154589749	434900.339409533928
4096	256	197.089688933333	96.794813533333	100.294875400000	.0175517511035070	.0086886099568083	.0088631411466987	233367.028500169526
4096	512	198.232581538095	97.813344100000	100.419237438095	.0352846989580728	.0173207765941562	.0179639223639166	116084.311924188163
4096	1024	197.336833763028	97.472065294736	99.864768468292	.0691611920876973	.0343692676585391	.0347919244291582	59223.964717181540
4096	2048	198.006042460783	97.735535394117	100.270507066666	.1394936304006019	.0699536333979774	.0695399970026245	29363.347905112133
4096	4096	197.633484342555	97.550765405970	100.082718936585	.2760893742319834	.1375253289830968	.1385640452488866	14835.775594023210

8192	1	188.249910523808	91.705733966666	96.544176557142	.0007630004286415	.0004720915232523	.0002909089053892	10736560.154475426665
8192	2	182.655673318796	90.640595871428	92.015077447368	.0063423873410723	.0005865527434724	.0057558345975999	1291627.199579864851
8192	4	181.093345575757	90.578813500000	90.514532075757	.0054223497790880	.0049814730865371	.0004408766925509	1510784.131188570267
8192	8	185.111989018181	90.390156200000	94.721832818181	.0163111430855876	.0155431483346617	.0007679947509259	502233.347903028813
8192	16	193.619891500000	90.939828900000	102.680062600000	.0036485760789283	.0023963930781783	.0012521830007500	2245259.471855728598
8192	32	190.415666700000	89.785842700000	100.629824000000	.0163141511334783	.0143007334133308	.0020134177201475	502140.744742101935
8192	64	194.609844800000	95.810899400000	98.798945400000	.0288244275682725	.0251215990116613	.0037028285566112	284203.388969190251
8192	128	192.782137300000	94.847295600000	97.934841700000	.0095433385798575	.0046217975921875	.0049215409876700	858399.807514984129
8192	256	194.955557009090	95.502958900000	99.452598109090	.0187140824938913	.0090766582198687	.0096374242740226	437745.211536502212
8192	512	197.998415457142	97.222767300000	100.775648157142	.0357120809292766	.0178934136263125	.0178186673029641	229390.161167680262
8192	1024	198.064910995488	97.550422752631	100.514488242857	.0701519103244409	.0342278533907892	.0359240569336517	116775.152125057814
8192	2048	198.395651638880	97.563189970588	100.832461668292	.1388021073125487	.0686725690776468	.0701295382349019	59019.276858337616
8192	4096	198.378536498039	97.787438783582	100.591097714457	.2778235821014132	.1386949044567909	.1391286776446223	29486.337833660557
8192	8192	198.434381065671	97.894633665671	100.539747400000	.5546649599048228	.2762020461438228	.2784629137610000	14769.276215691898

16384	1	186.791435822267	91.818145868421	94.973289953846	.0014650327536645	.0009267981419999	.0005382346116646	11183367.715853825796
16384	2	183.906038082352	91.815010647058	92.091027435294	.0015002453710993	.0009445863510899	.0005556590200094	10920880.221076553879
16384	4	185.616135214285	91.128594800000	94.487540414285	.0018215851164544	.0011836413000825	.0006379438163719	8994364.222677893739
16384	8	181.653686821667	90.650747234782	91.002939586885	.0027487425751056	.0018632744498548	.0008854681252508	5960543.613062989936
16384	16	183.470276100000	91.582246700000	91.888029400000	.0070278359485375	.0055383074356250	.0014895285129125	2331300.861314147139
16384	32	191.796644000000	93.894390200000	97.902253800000	.0173008983428474	.0149037004881974	.0023971978546500	947002.847789897139
16384	64	199.218320300000	97.170555000000	102.047765300000	.0343845288982723	.0302957682245598	.0040887606737125	476493.368528403412
16384	128	198.899367266666	99.487440700000	99.411926566666	.1306045066543791	.1231232401615625	.0074812664928166	125447.432249464824
16384	256	198.672933681818	97.636467800000	101.036465881818	.0196628667570511	.0094942278069375	.0101686389501136	833245.741957982853
16384	512	196.554716300000	97.028389700000	99.526326600000	.0377869170729062	.0184604229280312	.0193264941448750	433589.222650491899
16384	1024	198.828622004394	97.509233894871	101.319388109523	.0715414060876198	.0357094234025606	.0358319826850592	229014.229604794445
16384	2048	196.942081760975	97.269927500000	99.672154260975	.1402119584479959	.0689417158447250	.0712702426032709	116851.659311760953
16384	4096	198.018240421905	97.582954436363	100.435285985542	.2770714873267293	.1373312338522718	.1397402534744575	59132.753637257509
16384	8192	198.776844880008	97.597316519402	101.179528360606	.5573088630111293	.2773991277490083	.2799097352621210	29398.419955996314
16384	16384	197.816652514193	97.665203650557	100.151448863636	1.1072582417970532	.5527475040374871	.5545107377595661	14796.909502709292

32768	1	197.672701644444	94.946756100000	102.725945544444	.0030344749494322	.0019012208942000	.0011332540552322	10798573.244485485005
32768	2	185.788261197297	91.262074997297	94.526186200000	.0029075873526477	.0018396602288102	.0010679271238375	11269824.781071799933
32768	4	183.802362865148	90.779743675675	93.022619189473	.0029865487541809	.0018673060080445	.0011192427461364	10971861.736436662306
32768	8	183.849609400000	91.261470400000	92.588139000000	.0036019712705138	.0023457057436795	.0012562655268343	9097240.799293170841
32768	16	182.441159263322	90.686960070886	91.754199192436	.0055205506354749	.0037350369766474	.0017855136588275	5935639.787349068425
32768	32	186.639664300000	90.238415800000	96.401248500000	.0137830995139700	.0106580154466750	.0031250840672950	2377404.296238858464
32768	64	198.933345900000	95.224350200000	103.708995700000	.0408577793999515	.0358106066398515	.0050471727601000	802001.491056043468
32768	128	196.969649700000	97.301952700000	99.667697000000	.0252149540260000	.0172421551440000	.0079727988820000	1299546.291704985716
32768	256	199.834740066666	99.515504866666	100.319235200000	.0486842929720179	.0335739307804164	.0151103621916015	673071.292600140012
32768	512	197.738638461904	95.889549261904	101.849089200000	.0389841940681337	.0185553548495712	.0204288392185625	840545.784856562781
32768	1024	196.823738144987	97.433882835897	99.389855309090	.0752460908779199	.0367340583456504	.0385120325322695	435477.771903967342
32768	2048	196.777357371427	97.476215557142	99.301141814285	.1408688793598059	.0708705286885565	.0699983506712494	232613.478214051083
32768	4096	198.382386902763	97.618262335294	100.764124567469	.2825895252581018	.1386076386818380	.1439818865762638	115956.173428832873
32768	8192	198.690506695008	97.692044464705	100.998462230303	.5572705320345256	.2759569422517530	.2813135897827726	58800.884160101012
32768	16384	198.281312329457	97.686758047368	100.594554282089	1.1091421188767172	.5518639745752278	.5572781443014894	29543.553925430012
32768	32768	198.545943305904	97.703547713133	100.842395592771	2.2242967523852215	1.1072630935114047	1.1170336588738168	14731.847252333251

65536	1	195.350016700000	90.903553500000	104.446463200000	.0073031886661625	.0046613945397600	.0026417941264025	8973614.539583878201
65536	2	191.882677766666	95.686739800000	96.195937966666	.0098043877561056	.0038321764139640	.0059722113421416	6684354.151455097978
65536	4	184.102185873684	91.591970173684	92.510215700000	.0099302380594842	.0036953385335002	.0062348995259840	6599640.371905051237
65536	8	184.829536333333	91.434395533333	93.395140800000	.0060071632628723	.0037556915044291	.0022514717584432	10909641.894544453514
65536	16	182.957801995360	91.061832513008	91.895969482352	.0208061675727550	.0133606697063434	.0074454978664116	3149835.248170223397
65536	32	183.065629205154	91.280222815189	91.785406389965	.0172933690711150	.0101190328595877	.0071743362115273	3789660.634113473436
65536	64	195.273451268863	102.664312471428	92.609138797435	.0430864641902117	.0369925375586516	.0060939266315601	1521034.534434792222
65536	128	202.763593066666	101.948569066666	100.815024000000	.0312472680815771	.0213116759517331	.0099355921298440	2097335.351970785550
65536	256	204.064096023529	102.267534400000	101.796561623529	.0524510070479574	.0360353588536375	.0164156481943199	1249470.766883057757
65536	512	202.346962097947	101.781505216129	100.565456881818	.2578609319513710	.2275606038172257	.0303003281341453	254152.498030834627
65536	1024	197.540815290909	97.380967000000	100.159848290909	.0790202480218781	.0388154693313100	.0402047786905681	829357.052661429808
65536	2048	198.313524633333	97.611953033333	100.701571600000	.1476339337069997	.0735218681231997	.0741120655838000	443908.784074435128
65536	4096	197.697484690476	97.605662542857	100.091822147619	.2793322490729425	.1373983599040855	.1419338891688570	234616.662478117498
65536	8192	198.163305513706	97.705825088405	100.457480425301	.5656339392794740	.2842042105419686	.2814297287375054	115862.920254541738
65536	16384	198.370369559962	97.642618735793	100.727750824169	1.1171201764404158	.5540476314049426	.5630725450354732	58665.129662972759
65536	32768	198.269115270507	97.667734396226	100.601380874281	2.2160869329161472	1.0928221161954557	1.1232648167206915	29572.847087619087
65536	65536	197.990452209996	97.712842475655	100.277609734341	13.8434299495471924	2.2995860339507763	11.5438439155964161	4734.086872895516

131072	1	203.462587800000	90.855653700000	112.606934100000	.0121607616744737	.0072498745550000	.0049108871194737	10778272.242200865652
131072	2	203.462587800000	90.855653700000	112.606934100000	.0121607616744737	.0072498745550000	.0049108871194737	10778272.242200865652
131072	4	203.462587800000	90.855653700000	112.606934100000	.0121607616744737	.0072498745550000	.0049108871194737	10778272.242200865652
131072	8	186.019020374647	91.342285700000	94.676734674647	.0116390150245233	.0073574940663516	.0042815209581717	11261434.040924637916
131072	16	184.388930800000	91.287411300000	93.101519500000	.0119977114799325	.0075114991621250	.0044862123178075	10924750.125824614398
131072	32	183.813943084507	90.841579700000	92.972363384507	.0144057437603758	.0093627982069533	.0050429455534225	9098593.045957437516
131072	64	183.759088470175	90.963307533333	92.795780936842	.0280467692013223	.0208440670157960	.0072027021855263	4673336.848859598655
131072	128	190.440341500000	92.062076100000	98.378265400000	.0365437876760320	.0237311760544000	.0128126116216320	3586710.856629847535
131072	256	191.858356400000	90.986343700000	100.872012700000	.2041173986567800	.0380761681724000	.1660412304843800	642140.262723979649
131072	1024	191.323086000000	90.154071900000	101.169014100000	1.0462265481882687	.9852833289920000	.0609432191962687	125280.705433230475
131072	2048	191.006655200000	91.032702500000	99.973952700000	.1469044561162000	.0696803035678000	.0772241525484000	892226.168390176804
131072	4096	191.589761266666	91.464350100000	100.125411166666	.2858291385228990	.1375054714277000	.1483236670951990	458567.662755976361
131072	8192	194.493078448148	94.039735900000	100.453342548148	.5547766129762958	.2687796824640000	.2859969305122958	236260.860559384060
131072	16384	194.566470874602	94.786949785714	99.779521088888	1.1098458949247710	.5488977342079983	.5609481607167727	118099.279007455796
131072	32768	197.793708481318	97.229679742857	100.564028738461	2.2224756728789373	1.0996962225997126	1.1227794502792247	58975.673659551347
131072	65536	197.268838884615	96.887763600000	100.381075284615	4.4061644362890299	2.1812635207400000	2.2249009155490299	29747.414535983991
131072	131072	196.543097963635	96.216528018181	100.326569945454	8.8017090794226660	4.3361905568545085	4.4655185225681575	14891.653293384863

262144	1	198.092787000000	90.798558800000	107.294228200000	.0238846707301200	.0145287030641200	.0093559676660000	10975407.740053988639
262144	2	198.092787000000	90.798558800000	107.294228200000	.0238846707301200	.0145287030641200	.0093559676660000	10975407.740053988639
262144	4	198.092787000000	90.798558800000	107.294228200000	.0238846707301200	.0145287030641200	.0093559676660000	10975407.740053988639
262144	8	190.511256200000	91.183417500000	99.327838700000	.0233211658757320	.0145859084291617	.0087352574465703	11240604.410467616794
262144	16	183.417514698496	89.941278200000	93.476236498496	.0229763349794172	.0145243602285000	.0084519747509172	11409304.409725721304
262144	32	184.431955107594	91.031390900000	93.400564207594	.0239721799290665	.0149736345186641	.0089985454104024	10935342.583598242761
262144	64	186.912157507961	92.117956057142	94.794201450819	.0292772564603324	.0189795938348569	.0102976626254755	8953844.440826534403
262144	128	180.780670545454	90.089861890909	90.690808654545	.0437227645906616	.0296229087516363	.0140998558390253	5995595.256938287629
262144	256	185.093494523076	90.936547600000	94.156946923076	.0718126758124074	.0470553421128000	.0247573336996074	3650386.189268109661
262144	512	193.714573400000	90.332588700000	103.381984700000	.1155912655257200	.0753097827464000	.0402814827793200	2267853.014738997043
262144	2048	192.086385472727	91.057491600000	101.028893872727	1.5572804734559814	1.4351919290560000	.1220885443999814	168334.480826205420
262144	4096	191.763833471428	90.596952000000	101.166881471428	.2949249995624705	.1385920214151000	.1563329781473705	888849.708871401097
262144	8192	191.635080571428	91.416773600000	100.218306971428	.5728006256071411	.2757169840500000	.2970836415571411	457653.131440176019
262144	16384	195.723664722077	96.464180485714	99.259484236363	1.1172821243332933	.5521106552965697	.5651714690367236	234626.505061492022
262144	32768	197.409922907691	97.352052284615	100.057870623076	2.2572321871929082	1.1332934630206109	1.1239387241722973	116135.150600524631
262144	65536	196.422443409115	96.890406462962	99.532036946153	4.4017898196551161	2.1843985931659042	2.2173912264892119	59553.956626793053
262144	131072	196.325152063636	96.298892500000	100.026259563636	8.7878676390165293	4.3458234338120000	4.4420442052045293	29830.217154856595
262144	262144	196.712248906925	97.017337554545	99.694911352380	17.6360187858855017	8.7548952033617771	8.8811235825237246	14864.125695409197

524288	1	184.172822033333	91.614848633333	92.557973400000	.0456488400268837	.0293605322518837	.0162883077750000	11485242.553616569112
524288	2	184.172822033333	91.614848633333	92.557973400000	.0456488400268837	.0293605322518837	.0162883077750000	11485242.553616569112
524288	4	184.172822033333	91.614848633333	92.557973400000	.0456488400268837	.0293605322518837	.0162883077750000	11485242.553616569112
524288	8	184.172822033333	91.614848633333	92.557973400000	.0456488400268837	.0293605322518837	.0162883077750000	11485242.553616569112
524288	16	184.172822033333	91.614848633333	92.557973400000	.0456488400268837	.0293605322518837	.0162883077750000	11485242.553616569112
524288	32	189.057520214285	91.752524014285	97.304996200000	.0472039088245325	.0295874411325925	.0176164676919400	11106876.804395498382
524288	64	188.614763371428	93.174540771428	95.440222600000	.0491851726871998	.0307963878515998	.0183887848356000	10659472.588096521637
524288	128	184.807847873949	91.558094185714	93.249753688235	.0580762422160838	.0378586105483427	.0202176316677411	9027581.330921617159
524288	256	183.660325533332	91.297104744444	92.363220788888	.0887673485822771	.0597579237093885	.0290094248728886	5906315.873725184640
524288	512	184.222939500000	90.735605600000	93.487333900000	.1430225974114200	.0940185922375000	.0490040051739200	3665770.371180078305
524288	1024	183.505044900000	90.307948200000	93.197096700000	.4614153003408000	.3884713665400000	.0729439338008000	1136260.543620383647
524288	2048	188.751017300000	89.605813200000	99.145204100000	.6893352146128000	.5616496385600000	.1276855760528000	760570.458154372515
524288	4096	183.518744633333	90.254796000000	93.263948633333	2.2462529707819991	2.0212120579300000	.2250409128519991	233405.590029103907
524288	8192	194.500055200000	94.591227900000	99.908827300000	.5994983976040000	.2908265948000000	.3086718028040000	874544.455990889244
524288	16384	194.185911399999	96.044112528571	98.141798871428	1.1586537691777082	.5780983801102831	.5805553890674251	452497.557033008256
524288	32768	196.595802485714	96.378453100000	100.217349385714	2.2536182657329967	1.1122480647930000	1.1413702009399967	232642.771835838673
524288	65536	197.712356779771	97.173088725925	100.539268053846	4.4419624517927676	2.1868540667473865	2.2551083850453811	118030.714057116435
524288	131072	196.423680327272	96.673368245454	99.750312081818	8.8175451036613308	4.3656389748908844	4.4519061287704464	59459.633473527525
524288	262144	196.809373819047	97.316562938095	99.492810880952	17.5986289579292303	8.7484116463875976	8.8502173115416327	29791.411663564679
524288	524288	198.022429704650	97.412067020930	100.610362683720	35.4715576435637460	17.5686233024185627	17.9029343411451833	14780.518106036179

1048576	1	185.756049900000	90.706402500000	95.049647400000	.2151297228082000	.0574552906322000	.1576744321760000	4874156.793921327519
1048576	2	185.756049900000	90.706402500000	95.049647400000	.2151297228082000	.0574552906322000	.1576744321760000	4874156.793921327519
1048576	4	185.756049900000	90.706402500000	95.049647400000	.2151297228082000	.0574552906322000	.1576744321760000	4874156.793921327519
1048576	8	185.756049900000	90.706402500000	95.049647400000	.2151297228082000	.0574552906322000	.1576744321760000	4874156.793921327519
1048576	16	199.085329400000	90.560233300000	108.525096100000	.0953773412637000	.0576033624931000	.0377739787706000	10993973.894710370296
1048576	32	193.194969500000	92.127026300000	101.067943200000	.0945280033007000	.0589885618590000	.0355394414417000	11092755.198313123274
1048576	64	185.088222466666	90.837909800000	94.250312666666	.0931972037252330	.0590852968107500	.0341119069144830	11251153.018404345707
1048576	128	184.878813829101	91.975985876470	92.902827952631	.0965380627185726	.0607108295824466	.0358272331361260	10861788.298536763061
1048576	256	185.741325441176	91.112632700000	94.628692741176	.1163944089265468	.0750594770225000	.0413349319040468	9008817.602757246536
1048576	512	183.191005018773	91.734457022222	91.456547996551	.1771324680462980	.1201065531583330	.0570259148879650	5919727.826103165011
1048576	1024	184.651870023076	91.546867000000	93.105003023076	.2873568909202451	.1885868939000000	.0987699970202451	3649037.253437672393
1048576	2048	180.863271300000	89.958975100000	90.904296200000	.7138098104382000	.5708869732570000	.1429228371812000	1468985.133948062039
1048576	4096	183.426600900000	89.634477200000	93.792123700000	1.7166765187735000	1.4746492431540000	.2420272756195000	610817.465336549032
1048576	8192	195.310037900000	96.195306200000	99.114731700000	3.5048911470480000	3.0248118051400000	.4800793419080000	299175.054518644540
1048576	16384	197.033950185713	95.579526957142	101.454423228571	1.2138861633288492	.5869990325854233	.6268871307434259	863817.408647679210
1048576	32768	197.301150185713	97.307139214285	99.994010971428	2.3551124832746988	1.1710344043248485	1.1840780789498503	445233.935723525597
1048576	65536	196.157051929629	97.239960700000	98.917091229629	4.4876976363460042	2.2437694631800000	2.2439281731660042	233655.670450600330
1048576	131072	195.593080681818	96.161746681818	99.431334000000	8.8061157989013554	4.3535890892163554	4.4525267096850000	119073.610198360050
1048576	262144	196.358413959739	97.112565514285	99.245848445454	17.5918545551878739	8.7437460086856499	8.8481085465022240	59605.767925745656
1048576	524288	198.035398000553	97.494994076744	100.540403923809	35.3428035412000950	17.4757331707906643	17.8670703704094307	29668.727292039682
1048576	1048576	198.304179142857	97.313431100000	100.990748042857	71.0165636168678062	35.0502846620000000	35.9662789548678062	14765.231469900958

