1	1	193.996156028571	92.345583028571	101.650573000000	.0011120954354622	.0006613164575530	.0004507789779092	899.203402974483

2	1	182.919175857142	91.828757757142	91.090418100000	.0009431735117456	.0005625872989572	.0003805862127884	2120.500602586319
2	2	184.690654744155	91.890427172727	92.800227571428	.0018983188632243	.0011243502423119	.0007739686209124	1053.563781483472

4	1	184.931345925925	91.451795425925	93.479550500000	.0009484496892777	.0005572229718056	.0003912267174721	4217.408730500227
4	2	185.542180874932	91.967199832075	93.574981042857	.0019052095549845	.0011233936259870	.0007818159289975	2099.506581590990
4	4	184.558176060316	91.825505388888	92.732670671428	.0037892450501625	.0022443172137554	.0015449278364071	1055.619245271155

8	1	182.278312185714	91.688577685714	90.589734500000	.0009375186023555	.0005586553945839	.0003788632077716	8533.164013919438
8	2	185.025994362337	91.716328290909	93.309666071428	.0018993383300960	.0011211203314668	.0007782179986292	4211.993131100370
8	4	184.020727888888	91.348055488888	92.672672400000	.0037690768141248	.0022286987746896	.0015403780394352	2122.535675054328
8	8	183.753615557142	91.333005600000	92.420609957142	.0075295645689306	.0044518275678930	.0030777370010376	1062.478437732052

16	1	182.649758614285	91.699288714285	90.950469900000	.0009382224635837	.0005596018083679	.0003786206552158	17053.524746023755
16	2	182.449558581818	91.926332281818	90.523226300000	.0018781927740154	.0011221552420325	.0007560375319829	8518.827364985278
16	4	183.257379014285	91.689602900000	91.567776114285	.0037591262921985	.0022368054586100	.0015223208335885	4256.308183421660
16	8	184.300559333333	91.646407100000	92.654152233333	.0075540428668106	.0044734254960240	.0030806173707866	2118.071115309327
16	16	184.102370644827	91.776806500000	92.325564144827	.0150911018466360	.0089545738796637	.0061365279669723	1060.227421602525

32	1	184.002665092591	92.026980025925	91.975685066666	.0009463935137742	.0005619974719165	.0003843960418577	33812.573241742312
32	2	185.867040343934	91.994072886792	93.872967457142	.0019004992881313	.0011206140310518	.0007798852570795	16837.680603113813
32	4	185.473384000000	91.942444200000	93.530939800000	.0038057871494700	.0022487638121300	.0015570233373400	8408.247425097425
32	8	185.044170972413	91.991399900000	93.052771072413	.0075919517591382	.0044977395453728	.0030942122137654	4214.989901836847
32	16	183.868607500000	91.727203600000	92.141403900000	.0150797905255879	.0089534414926195	.0061263490329684	2122.045392189056
32	32	184.194210017825	91.776585448101	92.417624569724	.0302170584332263	.0179181869966306	.0122988714365957	1059.004471620348

64	1	185.525559347618	92.006054614285	93.519504733333	.0009620200362712	.0005711990537151	.0003908209825561	66526.680928668271
64	2	185.955878790909	91.696589890909	94.259288900000	.0019087741581370	.0011228338159402	.0007859403421968	33529.372622303950
64	4	185.314422633333	92.084513900000	93.229908733333	.0037839109889618	.0022395693600609	.0015443416289009	16913.717100295697
64	8	185.514077547618	91.651179090476	93.862898457142	.0075934477701286	.0044737845706783	.0031196631994503	8428.318984660128
64	16	185.068015824021	91.800327087179	93.267688736842	.0151606297847241	.0089578520441391	.0062027777405850	4221.460513763525
64	32	184.662794136842	91.916535000000	92.746259136842	.0302483672591567	.0179274717463050	.0123208955128517	2115.816680340857
64	64	184.885464006493	91.923914806493	92.961549200000	.0606121499160977	.0358970211436257	.0247151287724720	1055.893910521107

128	1	188.324390757142	91.987626157142	96.336764600000	.0009866796676466	.0005780006440515	.0004086790235951	129728.020346564881
128	2	189.157330402596	92.108537245454	97.048793157142	.0019528517756986	.0011430830272457	.0008097687484529	65545.169168924838
128	4	185.684226515872	91.948688844444	93.735537671428	.0038095453804041	.0022495372846342	.0015600080957699	33599.809745913124
128	8	183.523189996551	91.840287200000	91.682902796551	.0075085408794612	.0044694799667884	.0030390609126728	17047.253528329336
128	16	184.791313507407	91.787920900000	93.003392607407	.0151355786590482	.0089490611271846	.0061865175318636	8456.895034104317
128	32	185.103984104934	91.982307601265	93.121676503669	.0303252786636101	.0179337639957402	.0123915146678699	4220.901031771825
128	64	182.963697900000	91.852448200000	91.111249700000	.0600592118056715	.0358101243233675	.0242490874823040	2131.230100291005
128	128	183.826206092016	91.917182347572	91.909023744444	.1206392243640219	.0717170287089044	.0489221956551175	1061.014779187964

256	1	181.952354428571	91.924754128571	90.027600300000	.0009987038001476	.0006003355833412	.0003983682168064	256332.257834770788
256	2	185.884936342856	92.249786771428	93.635149571428	.0019607084098230	.0011654033348425	.0007953050749805	130565.054302546707
256	4	183.036612333333	91.806266000000	91.230346333333	.0037949657670113	.0022710488066901	.0015239169603212	67457.789007043163
256	8	184.316974850635	91.872071636842	92.444903213793	.0075726046241314	.0044957823102315	.0030768223138999	33806.069735136073
256	16	183.988925271428	91.802503000000	92.186422271428	.0150425563016339	.0089296018447441	.0061129544568898	17018.384034380756
256	32	184.413648221238	91.877698500000	92.535949721238	.0301939867055606	.0178773616232143	.0123166250823463	8478.509396470470
256	64	185.171486832704	91.862305632704	93.309181200000	.0605830286360922	.0357584608350282	.0248245678010640	4225.605846444734
256	128	184.004133812987	91.919204112987	92.084929700000	.1205905985474199	.0715696454529158	.0490209530945041	2122.885225578617
256	256	184.982313451133	91.866426646372	93.115886804761	.2422274183575486	.1430581611618754	.0991692571956732	1056.858062294673

512	1	187.152211041379	92.161637641379	94.990573400000	.0010699422371820	.0006281562584880	.0004417859786940	478530.505860296688
512	2	185.021832300000	92.191543200000	92.830289100000	.0020095062411192	.0011925041476892	.0008170020934300	254788.957368373336
512	4	183.697484622222	92.236145522222	91.461339100000	.0038760426076415	.0023290089930222	.0015470336146193	132093.491178504484
512	8	184.910745371428	92.169424200000	92.741321171428	.0076564297732974	.0045686667550441	.0030877630182533	66871.899195843678
512	16	185.976207644082	91.904394729268	94.071812914814	.0152488054973848	.0089889866192061	.0062598188781787	33576.400465453441
512	32	184.100635014814	91.887503100000	92.213131914814	.0300785416688222	.0178604654036107	.0122180762652115	17022.101857109372
512	64	189.349378925157	92.020381825157	97.328997100000	.0616698317249516	.0357822467974690	.0258875849274826	8302.276586119577
512	128	182.621444523028	91.980879423028	90.640565100000	.1197957552028978	.0715821886195778	.0482135665833200	4273.941085248193
512	256	183.927267649044	91.843896649044	92.083371000000	.2410116093718426	.1429791138677926	.0980324955040500	2124.378992922558
512	512	184.886083162109	91.897244349289	92.988838812820	.4839608220161038	.2859425949546442	.1980182270614596	1057.936875689832

1024	1	184.573221621212	92.353254021212	92.219967600000	.0011527949789714	.0006843052721414	.0004684897068300	888275.902202211700
1024	2	181.943257608771	92.169737208771	89.773520400000	.0020872210828879	.0012531006383683	.0008341204445196	490604.473285208168
1024	4	183.605046600000	92.109675100000	91.495371500000	.0039769370346068	.0023728670844383	.0016040699501685	257484.589544486700
1024	8	186.676086131578	92.510541531578	94.165544600000	.0078618460451484	.0046805158301683	.0031813302149801	130249.307111771482
1024	16	183.625361428571	91.875565400000	91.749796028571	.0152018334447549	.0090957445692451	.0061060888755098	67360.295961755290
1024	32	185.370059164912	92.119681700000	93.250377464912	.0304019756308657	.0180178670804385	.0123841085504272	33682.021603898031
1024	64	181.221175366037	91.986775266037	89.234400100000	.0593374838037624	.0357066883635855	.0236307954401769	17257.219793588069
1024	128	185.924447762928	91.941771062928	93.982676700000	.1215358471495908	.0715288644034694	.0500069827461214	8425.497694845727
1024	256	184.599718523642	91.898330323642	92.701388200000	.2418487687490583	.1431200339257501	.0987287348233082	4234.050912462986
1024	512	185.986085192430	91.865081192430	94.121004000000	.4863219142036378	.2859707201039521	.2003511940996857	2105.601187388031
1024	1024	184.386262688062	91.839513719708	92.546748968354	.9653584616751643	.5713047389456329	.3940537227295314	1060.745868662171

2048	1	186.220086833333	92.094645233333	94.125441600000	.0013511352332699	.0007922132181539	.0005589220151160	1515762.411911654830
2048	2	183.752546455554	91.645308566666	92.107237888888	.0022901651165445	.0013570036639628	.0009331614525817	894258.665108876873
2048	4	182.492671433333	90.922824400000	91.569847033333	.0041673302518291	.0024752732759066	.0016920569759225	491441.732773903370
2048	8	184.051067333332	91.967370566666	92.083696766666	.0079739589157515	.0047444960947916	.0032294628209599	256836.036106788458
2048	16	185.134949909090	92.178185500000	92.956764409090	.0156260266190262	.0093373408748340	.0062886857441922	131063.388661219977
2048	32	184.227747308895	91.962322348148	92.265424960747	.0304757360361305	.0181855021991020	.0122902338370285	67201.002055274208
2048	64	187.426623000000	92.104072000000	95.322551000000	.0613578627306169	.0360502761889022	.0253075865417147	33377.955307724082
2048	128	185.592930448088	92.036510436977	93.556420011111	.1210122824108478	.0714301849704456	.0495820974404022	16923.901931267209
2048	256	185.883799036676	91.883376789308	94.000422247368	.2429496068719876	.1429259903976705	.1000236164743171	8429.731689498514
2048	512	186.385117798757	91.907151254313	94.477966544444	.4871522494101691	.2860214383853023	.2011308110248668	4204.024516934210
2048	1024	185.941200195241	91.859879334482	94.081320860759	.9721476830271819	.5715645282415132	.4005831547856687	2106.675802201892
2048	2048	183.727279864934	91.958844928571	91.768434936363	1.9260136743738820	1.1444490101750839	.7815646641987981	1063.336167987371

4096	1	183.745911200000	92.265504100000	91.480407100000	.0015169477171949	.0009103231050154	.0006066246121795	2700158.979489560756
4096	2	185.103443622222	91.810758400000	93.292685222222	.0026824151258975	.0015732367489020	.0011091783769955	1526982.143984717326
4096	4	185.527537820320	92.212343890909	93.315193929411	.0046237206044542	.0027347325944517	.0018889880100025	885866.675433237175
4096	8	185.828731269696	91.892910036363	93.935821233333	.0084751578003264	.0050040553487833	.0034711024515431	483294.836096414932
4096	16	184.756565585365	91.935731585365	92.820834000000	.0160548052154669	.0095541549615669	.0065006502539000	255126.109910943670
4096	32	184.780989847374	92.010406703896	92.770583143478	.0312993924348872	.0187498457626137	.0125495466722735	130865.160035326468
4096	64	185.928507014814	92.004020214814	93.924486800000	.0613691835251061	.0363728620349033	.0249963214902028	66743.596129551383
4096	128	183.553093614007	92.018404568553	91.534689045454	.1209459930983852	.0722951047280944	.0486508883702908	33866.355511819658
4096	256	184.748716916868	91.874890758974	92.873826157894	.2414981085400525	.1429694357125631	.0985286728274894	16960.795365072922
4096	512	185.368570326737	92.054835553053	93.313734773684	.4853388019107653	.2868714057126079	.1984673961981574	8439.465346422256
4096	1024	184.308263719649	91.953631768965	92.354631950684	.9664470375714581	.5733456204818071	.3931014170896510	4238.204309977147
4096	2048	184.720379021441	92.057032380701	92.663346640740	1.9363093357133666	1.1478321583265805	.7884771773867861	2115.364484616797
4096	4096	184.829091998270	91.789204585714	93.039887412556	3.8720566299765393	2.2895751755746022	1.5824814544019371	1057.835768281317

8192	1	192.168915766666	94.962234000000	97.206681766666	.0019416291552976	.0011700869444812	.0007715422108164	4219137.304180202598
8192	2	187.251517300000	93.514463700000	93.737053600000	.0030850057429058	.0018476935896250	.0012373121532808	2655424.554342601427
8192	4	185.260437938461	92.418049238461	92.842388700000	.0053723670008382	.0031773787555922	.0021949882452460	1524839.981840756435
8192	8	186.294347537633	92.358331166666	93.936016370967	.0092622000164802	.0054769485986342	.0037852514178460	884455.095487465519
8192	16	185.186187776190	92.258296476190	92.927891300000	.0169142093865069	.0100699564606669	.0068442529258400	484326.509906816338
8192	32	185.289588996891	92.032986833734	93.256602163157	.0322041508954968	.0191579975213823	.0130461533741145	254377.146181659183
8192	64	180.494299156097	92.156363156097	88.337936000000	.0615336702802977	.0376831632959775	.0238505069843202	133130.365256677601
8192	128	183.323205438170	92.364780238170	90.958425200000	.1219824835669931	.0735895355915306	.0483929479754625	67157.183231975532
8192	256	184.098682736507	92.070558536507	92.028124200000	.2425890058261985	.1449317406626239	.0976572651635746	33769.048898568434
8192	512	183.648799366811	91.962154808917	91.686644557894	.4804506462079289	.2864412988535479	.1940093473543810	17050.658719386289
8192	1024	183.914976861904	92.107034728571	91.807942133333	.9663277684634505	.5755959077317116	.3907318607317389	8477.454821593328
8192	2048	185.229152652188	91.783562970370	93.445589681818	1.9416706816537541	1.1465517798002824	.7951189018534717	4219.047069826863
8192	4096	185.200957350648	91.925567436363	93.275389914285	3.8846087078837436	2.2963860504690750	1.5882226574146686	2108.835307755574
8192	8192	185.049858832716	92.058366222807	92.991492609909	7.7655238628019342	4.5975885115187546	3.1679353512831796	1054.919171550158

16384	1	199.237760290475	96.883779133333	102.353981157142	.0027614007089948	.0016793506264923	.0010820500825025	5933220.755188432432
16384	2	189.979397744444	94.463649544444	95.515748200000	.0038465795496195	.0023322578944345	.0015143216551850	4259368.560730971945
16384	4	187.667738314285	93.621406100000	94.046332214285	.0061661718949329	.0036860887556178	.0024800831393151	2657078.050883349553
16384	8	186.449325888693	92.279296651851	94.170029236842	.0108081467729996	.0063563166802664	.0044518300927332	1515893.551790926105
16384	16	185.133401849498	92.514986195652	92.618415653846	.0184632269888954	.0109927889730025	.0074704380158929	887385.504703704345
16384	32	185.197637845097	92.164885111764	93.032752733333	.0338242349929519	.0201138671100620	.0137103678828899	484386.417118199536
16384	64	183.529359164556	92.178072264556	91.351286900000	.0637929873996928	.0382492800802013	.0255437073194915	256830.737481325390
16384	128	183.431479522699	92.114508922699	91.316970600000	.1244536288009740	.0750303660624157	.0494232627385583	131647.426899871764
16384	256	184.921516723285	92.228364323285	92.693152400000	.2452744283456169	.1465319917852081	.0987424365604088	66798.647174556895
16384	512	184.376199552506	92.091607905138	92.284591647368	.4863552525010597	.2899760070453727	.1963792454556870	33687.309668695932
16384	1024	184.601556216268	91.708692303448	92.892863912820	.9647162741520216	.5715953378489594	.3931209363030622	16983.231690997867
16384	2048	185.156304369131	91.825894508771	93.330409860360	1.9415834512167548	1.1476822269788348	.7939012242379200	8438.473241895653
16384	4096	184.839731804298	91.916032865486	92.923698938812	3.8795258790332326	2.2969392649961101	1.5825866140371225	4223.196470616880
16384	8192	184.636308265667	91.888444113513	92.747864152154	7.7515880543517134	4.5941467929935216	3.1574412613581918	2113.631411411508
16384	16384	184.855861556072	91.887256600000	92.968604956072	15.5193944712069443	9.1875895545083500	6.3318049166985943	1055.711292756760

32768	1	198.159437163636	97.926423000000	100.233014163636	.0042559978468094	.0026671655946156	.0015888322521938	7699252.015497431109
32768	2	198.330561533333	97.216205100000	101.114356433333	.0055002943667175	.0033651502860945	.0021351440806230	5957499.329177811177
32768	4	190.668411915685	95.087412782352	95.580999133333	.0077267966260051	.0047008430489352	.0030259535770699	4240825.996340695170
32768	8	189.161703908771	92.979826066666	96.181877842105	.0124148873552261	.0073415115170041	.0050733758382220	2639411.785416334854
32768	16	186.205805633752	92.663247022641	93.542558611111	.0216326485436241	.0127837949828886	.0088488535607355	1514747.486139780997
32768	32	185.552068016104	92.207000649438	93.345067366666	.0369738373776785	.0219033183143995	.0150705190632790	886248.285923992058
32768	64	185.380522157723	92.273599324390	93.106922833333	.0677235142014632	.0402762868744148	.0274472273270484	483849.670035168245
32768	128	185.404717876022	92.057197812386	93.347520063636	.1284670340408034	.0761954514980768	.0522715825427266	255069.327665744226
32768	256	183.749885150000	92.190522350000	91.559362800000	.2487911636413129	.1498757812341488	.0989153824071641	131708.857824397124
32768	512	185.203564655998	92.122955888431	93.080608767567	.4918012064779280	.2928248027657902	.1989764037121378	66628.547405710004
32768	1024	184.727308504761	92.203640471428	92.523668033333	.9730429277895360	.5794893483853089	.3935535794042271	33675.800999282884
32768	2048	184.380432026899	92.014483949122	92.365948077777	1.9338336340972991	1.1501511802871346	.7836824538101645	16944.580662077422
32768	4096	185.184544841193	91.981346963716	93.203197877477	3.8871771626058988	2.2999069229498026	1.5872702396560962	8429.767574069837
32768	8192	184.819120293606	92.065787960273	92.753332333333	7.7644297123705242	4.6043736222409102	3.1600560901296140	4220.271315972251
32768	16384	184.682187694130	92.183627612582	92.498560081548	15.5183654306759015	9.2181512459197231	6.3002141847561784	2111.562596356051
32768	32768	185.015542076426	92.160382292857	92.855159783569	31.0877266262812317	18.4350410276250272	12.6526855986562045	1054.049412937718

65536	1	204.651668393232	101.917590714285	102.734077678947	.0075859671016685	.0048109438615073	.0027750232401612	8639109.440058822018
65536	2	200.075795574509	99.908758541176	100.167037033333	.0086118281431391	.0054414528143117	.0031703753288274	7609998.586909962817
65536	4	197.108667861850	96.822024852173	100.286643009677	.0109347503702410	.0067058122850805	.0042289380851605	5993369.558609832072
65536	8	191.884588640816	95.495743900000	96.388844740816	.0154991071212368	.0093999643340875	.0060991427871493	4228372.608006747472
65536	16	187.798893709863	93.478159596610	94.320734113253	.0247241077631602	.0147779079759232	.0099461997872370	2650692.216187917248
65536	32	186.490889728845	92.831906920792	93.658982808053	.0432708307130055	.0255555290683366	.0177153016446689	1514553.774912910809
65536	64	184.812316801464	92.533764468131	92.278552333333	.0736779621155954	.0438952526511456	.0297827094644498	889492.571702495657
65536	128	183.949810427859	92.165860127859	91.783950300000	.1345404507986151	.0803170335230951	.0542234172755200	487110.007518085398
65536	256	183.932786094162	92.330811294162	91.601974800000	.2562813949372579	.1535934360161746	.1026879589210833	255718.914032149472
65536	512	185.621406265282	92.117704386335	93.503701878947	.5015201482952443	.2979418828671136	.2035782654281307	130674.710124345865
65536	1024	185.237701045112	92.116978171428	93.120722873684	.9816410115263967	.5829807068989963	.3986603046274004	66761.676855875445
65536	2048	184.377744299999	91.748438457142	92.629305842857	1.9422803731342933	1.1528560157535535	.7894243573807398	33741.781519546202
65536	4096	185.089728020912	92.070934254545	93.018793766367	3.8725642326510505	2.2921328666042068	1.5804313660468437	16923.153771715715
65536	8192	184.716379415206	92.062956118181	92.653423297025	7.7657374011523252	4.6076001914650135	3.1581372096873117	8439.121311296901
65536	16384	184.584506834782	92.158847661810	92.425659172972	15.5243130128362611	9.2271389650431456	6.2971740477931155	4221.507254189710
65536	32768	184.998471333310	92.153273243429	92.845198089881	31.0905492503120171	18.4381033977362453	12.6524458525757718	2107.907437477718
65536	65536	184.878659427804	92.114000899331	92.764658528473	61.9532191731175834	36.8920941647905939	25.0611250083269895	1057.830422288000

131072	1	189.554789672413	102.064007172413	87.490782500000	.0142317531741660	.0096222335498860	.0046095196242800	9209828.079222642688
131072	2	189.554789672413	102.064007172413	87.490782500000	.0142317531741660	.0096222335498860	.0046095196242800	9209828.079222642688
131072	4	189.554789672413	102.064007172413	87.490782500000	.0142317531741660	.0096222335498860	.0046095196242800	9209828.079222642688
131072	8	189.554789672413	102.064007172413	87.490782500000	.0142317531741660	.0096222335498860	.0046095196242800	9209828.079222642688
131072	16	184.509152879104	95.096675879104	89.412477000000	.0301453676562437	.0188398299437153	.0113055377125284	4347998.057102893038
131072	32	187.701830519469	93.186285219469	94.515545300000	.0494251496001347	.0295101698984847	.0199149797016500	2651929.251816423133
131072	64	183.141857911764	92.463020911764	90.678837000000	.0854381343520039	.0511214385365539	.0343166958154500	1534115.895602135010
131072	128	185.848117360287	92.566479126954	93.281638233333	.1483099027927064	.0880499363843396	.0602599664083668	883771.060002649213
131072	256	184.019967671428	91.974032100000	92.045935571428	.2708169295896194	.1620545321536416	.1087623974359778	483987.467838953301
131072	512	184.547995580487	92.016570080487	92.531425500000	.5173254689724606	.3092453117283299	.2080801572441307	253364.676323286745
131072	1024	184.565790400000	91.832246700000	92.733543700000	1.0016290042559865	.6007808506532000	.4008481536027865	130858.830408331412
131072	2048	185.379460042588	91.929690070175	93.449769972413	1.9668466383732724	1.1694651570719944	.7973814813012780	66640.681303147374
131072	4096	184.908246625385	91.977431927272	92.930814698113	3.8898506004044910	2.3074970498296544	1.5823535505748366	33695.895669198789
131072	8192	184.705546181173	91.842698143438	92.862848037735	7.7251165894607011	4.5714302566557011	3.1536863328050000	16966.993116818484
131072	16384	184.967872453669	91.991489351876	92.976383101793	15.5118355660844934	9.1756868369700460	6.3361487291144474	8449.805920234188
131072	32768	184.812795168815	91.999043240404	92.813751928411	30.9971862492458282	18.3446019910028000	12.6525842582430282	4228.512838102814
131072	65536	184.890893345112	91.946136096981	92.944757248131	61.7796740825266728	36.6725181463688567	25.1071559361578161	2121.603940883713
131072	131072	184.336696468253	91.821858411111	92.514838057142	124.3932503486164626	74.4135447335443543	49.9797056150721083	1053.690611288523

262144	1	199.337374255102	103.797850755102	95.539523500000	.0257891580162155	.0172316395130408	.0085575185031747	10164891.767120554984
262144	8	189.621966516129	100.031228316129	89.590738200000	.0331655145008262	.0218327200328311	.0113327944679951	7904113.774368542396
262144	16	185.125758128571	97.656724828571	87.469033300000	.0417572042988881	.0270217130664396	.0147354912324485	6277814.916047440043
262144	32	179.420101262686	95.243237462686	84.176863800000	.0590446412764457	.0377346872124669	.0213099540639788	4439759.380917357260
262144	64	186.277348073160	93.454089773160	92.823258300000	.0989486252936403	.0597290144334371	.0392196108602032	2649294.007087622622
262144	128	185.184194899045	92.534047599045	92.650147300000	.1722542651514653	.1020135156702679	.0702407494811974	1521843.303964018234
262144	256	185.691428065573	92.420572832240	93.270855233333	.2956898819054782	.1751384049258287	.1205514769796495	886550.457224634913
262144	512	185.075047142066	92.159676742066	92.915370400000	.5402354737129655	.3207888221966014	.2194466515163641	485240.256805647484
262144	1024	184.635244543841	91.959705572413	92.675538971428	1.0279624603329428	.6111032615793740	.4168591987535688	255013.203415127815
262144	2048	185.072430053884	92.150745982456	92.921684071428	2.0058058249285250	1.1977097572924016	.8080960676361234	130692.610791147370
262144	4096	184.940129353428	92.014056880701	92.926072472727	3.9254839428967812	2.3337392930760334	1.5917446498207478	66780.046438440610
262144	8192	185.373035615036	92.128754157894	93.244281457142	7.8040375221468375	4.6219405449732261	3.1820969771736114	33590.817478269373
262144	16384	185.126772054009	92.106926106122	93.019845947887	15.5055355938596246	9.1817020293237103	6.3238335645359143	16906.478232445715
262144	32768	184.688215303406	91.935379677777	92.752835625629	31.0248897944256307	18.3640626345264357	12.6608271598991950	8449.474010608749
262144	65536	184.762481788698	91.904427590964	92.858054197734	61.8239002938057045	36.7265416797523153	25.0973586140533892	4240.172469776464
262144	131072	184.820197113504	92.077635790140	92.742561323364	123.6154846648143319	73.4922231842069311	50.1232614806074008	2120.640474053944
262144	262144	184.723532942035	92.117540371942	92.605992570093	246.9947100561955730	146.9286580243194324	100.0660520318761406	1061.334471253889

524288	1	193.462360208510	105.165576608510	88.296783600000	.0495150543681334	.0341689957471434	.0153460586209900	10588456.514700266761
524288	2	196.449319875257	104.872853775257	91.576466100000	.0512623358602535	.0348578316655494	.0164045041947041	10227547.988239631431
524288	4	197.788544441935	103.921039241935	93.867505200000	.0538725028966626	.0360733842678945	.0177991186287681	9732014.883468123150
524288	8	202.142236661904	102.361541461904	99.780695200000	.0595977777508428	.0385764192438128	.0210213585070300	8797106.532929171148
524288	16	193.206859975000	100.192252975000	93.014607000000	.0672575466807477	.0437290536636329	.0235284930171148	7795229.321828298168
524288	32	199.769395188235	97.630305988235	102.139089200000	.0886341676402049	.0542011154950049	.0344330521452000	5915190.653431266062
524288	64	186.468020244237	95.054394844237	91.413625400000	.1215088463145145	.0751647096751145	.0463441366394000	4314813.414020314343
524288	128	182.842580663202	93.192087896536	89.650492766666	.1940952239690794	.1183450251363071	.0757501988327723	2701189.597965184362
524288	256	186.374741669230	92.567931469230	93.806810200000	.3473895090784240	.2051518878788891	.1422376211995349	1509222.317596357663
524288	512	183.966869649068	92.275439476341	91.691430172727	.5895974497200344	.3524078759340352	.2371895737859992	889230.440614955057
524288	1024	185.618916891244	92.036574248387	93.582342642857	1.0899051863066407	.6474011009089799	.4425040853976608	481040.008421882630
524288	2048	185.431546759322	91.969069159322	93.462477600000	2.0790874506473398	1.2374175279437283	.8416699227036115	252172.172862069325
524288	4096	185.293202270780	91.936066065517	93.357136205263	4.0221281796034890	2.3967093468055971	1.6254188327978919	130350.893007016390
524288	8192	185.388508292507	91.879980843859	93.508527448648	7.8794422934924729	4.6719664276879933	3.2074758658044796	66538.719425993197
524288	16384	184.494826524611	92.001948435374	92.492878089237	15.5654276631836815	9.2497389967729101	6.3156886664107714	33682.852237981139
524288	32768	185.182065376432	91.952616595973	93.229448780459	31.0366096098125817	18.3485224351745933	12.6880871746379884	16892.566765225551
524288	65536	184.387244933993	91.975975074764	92.411269859229	61.8041305352964151	36.8082530519388778	24.9958774833575373	8483.057612153907
524288	131072	185.237796124993	92.170565479710	93.067230645283	123.9496998991582496	73.6434303465790146	50.3062695525792350	4229.844851795082
524288	262144	184.175104956061	92.183882597183	91.991222358878	246.4848747997817679	147.0722835749285750	99.4125912248531929	2127.059522114190
524288	524288	184.790033365858	91.992631132525	92.797402233333	494.4133230541389855	293.7849088457263729	200.6284142084126126	1060.424498193770

1048576	1	196.819284725683	105.782575925683	91.036708800000	.0991241714102987	.0678788159084679	.0312453555018308	10578408.727975063224
1048576	2	199.451699934782	105.439741534782	94.011958400000	.1012482597337409	.0685109217036102	.0327373380301307	10356484.178172623968
1048576	4	194.572338921893	105.319639721893	89.252699200000	.1022868739513020	.0702679243607878	.0320189495905142	10251325.116253127752
1048576	8	193.697937833155	103.864090733155	89.833847100000	.1061054828168235	.0719662078231451	.0341392749936784	9882392.239901702555
1048576	16	194.700319828436	102.764426628436	91.935893200000	.1161274335314793	.0772949098566819	.0388325236747974	9029528.752271587536
1048576	32	205.678004062500	100.168696162500	105.509307900000	.1413021245573387	.0877978658358364	.0535042587215023	7420808.450579952111
1048576	64	198.788486436781	98.011289403448	100.777197033333	.1766210462832486	.1086419351559155	.0679791111273331	5936868.918318999144
1048576	128	191.231999841068	95.140335941068	96.091663900000	.2488708794444699	.1513953677662449	.0974755116782250	4213333.445602930926
1048576	256	187.992509217486	93.287103817486	94.705405400000	.3974980761635955	.2373931933318924	.1601048828317031	2637939.811231803088
1048576	512	184.881482366577	92.527076123720	92.354406242857	.6906080471935862	.4107448398452108	.2798632073483754	1518337.361200876421
1048576	1024	186.046433342424	92.179290860606	93.867142481818	1.1911032731998732	.7055690503381571	.4855342228617161	880340.121291937380
1048576	2048	183.849221073770	91.899809573770	91.949411500000	2.1633805933867423	1.2934058968277307	.8699746965590116	484693.263499451486
1048576	4096	185.113782234829	91.988163886554	93.125618348275	4.1467336585300847	2.4718690710881513	1.6748645874419334	252867.940491672294
1048576	8192	185.856304117898	92.057175706787	93.799128411111	8.0644066655502125	4.8035699040340642	3.2608367615161483	130025.188893231305
1048576	16384	185.411944166793	92.103073216335	93.308870950458	15.7732454226049298	9.3754093933490972	6.3978360292558326	66478.138893170731
1048576	32768	185.511518197548	91.979773991061	93.531744206487	31.2624939600474876	18.4934631084617861	12.7690308515857015	33541.022073928206
1048576	65536	184.396009030444	91.839752100000	92.556256930444	61.6306273150636373	36.6683971527950000	24.9622301622686373	17013.878418591223
1048576	131072	184.563793960375	91.874259886301	92.689534074074	123.7939263941266066	73.6381266490331282	50.1557997450934784	8470.334777666035
1048576	262144	184.388863562532	91.884539350684	92.504324211848	246.8258576376639637	146.7901423480724844	100.0357152895914793	4248.242100871340
1048576	524288	184.097925457525	91.910113292041	92.187812165484	493.1554132307089526	293.8412001273294714	199.3142131033794812	2126.258724669930
1048576	1048576	184.770983701677	91.926860615384	92.844123086293	989.3253243688108051	587.8737665276268338	401.4515578411839713	1059.889981760035

