1	1	218.959170719047	98.257752233333	120.701418485714	.0248027862339918	.0128964472509001	.0119063389830917	40.318050986929

2	1	218.307869766666	97.961429666666	120.346440100000	.0245943235097084	.0127956348563056	.0117986886534028	81.319577633859
2	2	215.664790972727	98.159374772727	117.505416200000	.0485859269326766	.0255493871873154	.0230365397453612	41.164183257660

4	1	214.777534033333	95.677208433333	119.100325600000	.0241883860634919	.0125113756309919	.0116770104325000	165.368619034789
4	2	218.152996771428	99.611418600000	118.541578171428	.0492380234547086	.0259985540329945	.0232394694217141	81.238029460694
4	4	204.572891800000	87.421943000000	117.150948800000	.0914768219662442	.0455484302719976	.0459283916942466	43.726923542184

8	1	221.336201800000	98.551672400000	122.784529400000	.0249056922109300	.0128668556989300	.0120388365120000	321.211710650192
8	2	216.991553966666	97.527716500000	119.463837466666	.0488915201906716	.0254728899307863	.0234186302598853	163.627556860594
8	4	211.166629100000	90.692414100000	120.474215000000	.0945476014924291	.0473166976434951	.0472309038489340	84.613463204993
8	8	210.779483700000	90.096440100000	120.683043600000	.1884551352299968	.0937995354383325	.0946555997916643	42.450421901406

16	1	218.388251833333	99.402968633333	118.985283200000	.0246855655211750	.0130196293281750	.0116659361930000	648.152054133634
16	2	215.282968618181	97.456595718181	117.826372900000	.0485361634850993	.0254366537318456	.0230995097532537	329.651106538571
16	4	204.580669885714	89.139412200000	115.441257685714	.0918910758002322	.0466335066876642	.0452575691125680	174.119193410940
16	8	205.154810200000	87.793038500000	117.361771700000	.1834840258079081	.0914355418947214	.0920484839131867	87.201051587731
16	16	211.624039933333	92.281612933333	119.342427000000	.3794392305022192	.1922707522466659	.1871684782555533	42.167490111190

32	1	216.326735333333	96.997550433333	119.329184900000	.0244331512613933	.0127340959961084	.0116990552652849	1309.695980582047
32	2	217.589060950648	100.296810736363	117.292250214285	.0492259181328799	.0262306427829667	.0229952753499132	650.064055963761
32	4	206.178152600000	88.628127200000	117.550025400000	.0923361771697443	.0462523787756643	.0460837983940800	346.559723185999
32	8	210.419988166666	90.574540300000	119.845447866666	.1887780225687000	.0947804607077769	.0939975618609231	169.511257531869
32	16	206.399552100000	85.382954400000	121.016597700000	.3677362288885321	.1779434750222207	.1897927538663114	87.018894213166
32	32	223.576599733333	101.240969133333	122.335630600000	.8054809022876078	.4218034815479597	.3836774207396481	39.727819628148

64	1	218.501441366666	99.088196266666	119.413245100000	.0248537514971493	.0131460729848056	.0117076785123437	2575.063970014375
64	2	217.974739018181	99.245728418181	118.729010600000	.0493197415840453	.0260433384324516	.0232764031515937	1297.654812139236
64	4	211.096849100000	90.758430900000	120.338418200000	.0946433249960358	.0474653577608309	.0471779672352049	676.223072284080
64	8	208.859506400000	89.401121100000	119.458385300000	.1872154427617971	.0935224432888873	.0936929994729098	341.852141339804
64	16	214.071421166666	93.203389666666	120.868031500000	.3843837181757336	.1948264421629582	.1895572760127754	166.500288575543
64	32	213.157084785714	92.048877785714	121.108207000000	.7634919205875021	.3836653247678551	.3798265958196470	83.825379515152
64	64	221.247388176923	99.022779776923	122.224608400000	1.5920832096655946	.8254630738739291	.7666201357916655	40.198903933823

128	1	214.643089133333	95.369250133333	119.273839000000	.0245809905915506	.0128864798490332	.0116945107425174	5207.275903844101
128	2	219.110719945454	99.350757345454	119.759962600000	.0497482303025667	.0262703035559035	.0234779267466632	2572.955846298636
128	8	211.352152100000	89.909706800000	121.442445300000	.1894023934893032	.0941498710875000	.0952525224018032	675.809833455082
128	16	205.032535900000	83.895387300000	121.137148600000	.3652105184166562	.1752340059430497	.1899765124736065	350.482786078929
128	32	214.361941057142	96.371976457142	117.989964600000	.7730338057911775	.4029851521011842	.3700486536899933	165.581374373395
128	64	221.469837303295	103.408294446153	118.061542857142	1.6032220915303810	.8627139375589634	.7405081539714176	79.839219205004
128	128	221.520698828571	99.112523528571	122.408175300000	3.1884162919166485	1.6529165801722087	1.5354997117444398	40.145322404890

256	1	216.502777666666	96.670132866666	119.832644800000	.0253168077521019	.0135090640379582	.0118077437141437	10111.859382379908
256	2	224.819226936363	101.471999836363	123.347227100000	.0517011835708771	.0274514396736021	.0242497438972750	4951.530744920952
256	4	212.042368200000	88.816947200000	123.225421000000	.0953190178937250	.0469405051841250	.0483785127096000	2685.717977973972
256	8	204.353647900000	85.115348900000	119.238299000000	.1831091731477375	.0895552612675000	.0935539118802375	1398.073048986203
256	16	210.874361700000	92.020821300000	118.853540400000	.3788902805190000	.1924606390750000	.1864296414440000	675.657342408820
256	32	218.196278071428	98.165704071428	120.030574000000	.7873242211019618	.4108387461057118	.3764854749962500	325.151942666891
256	64	222.834003414285	99.387802914285	123.446200500000	1.6057145807911547	.8314071689074047	.7743074118837500	159.430575684170
256	128	210.557235892592	99.949366092592	110.607869800000	3.0544447923652678	1.6669387486652678	1.3875060437000000	83.812285833381
256	256	214.735824916216	98.955592816216	115.780232100000	6.2059463887753981	3.3011203300553981	2.9048260587200000	41.250759185258

512	1	216.158709600000	97.646066800000	118.512642800000	.0257030375963375	.0140184398872500	.0116845977090875	19919.824576413348
512	2	218.264878733333	102.218420633333	116.046458100000	.0512862394655832	.0284711650645832	.0228150744010000	9983.184677511582
512	8	215.879456000000	96.482289100000	119.397166900000	.1959953545133875	.1023175596793750	.0936777948340125	2612.306813450661
512	16	219.815283349205	98.558759271428	121.256524077777	.3970957729014142	.2068952361487488	.1902005367526654	1289.361496494984
512	32	218.378744907692	100.988896507692	117.389848400000	.7907102720632487	.4225123803787487	.3681978916845000	647.519095286326
512	64	218.500265785714	100.114588785714	118.385677000000	1.5793759614556226	.8368004469999976	.7425755144556250	324.178670877147
512	128	203.867273933333	98.459952033333	105.407321900000	2.9695877659258277	1.6472929042458277	1.3222948616800000	172.414503411847
512	256	220.858153033333	103.200340800000	117.657812233333	6.3954197306299916	3.4435680737500000	2.9518516568799916	80.057294370820
512	512	226.156571238095	102.910380538095	123.246190700000	13.0470411182297460	6.8630802470797460	6.1839608711500000	39.242614119198

1024	1	213.243258314285	95.381007614285	117.862250700000	.0286612074444123	.0154679511587498	.0131932562856625	35727.734150280394
1024	2	215.960394800000	95.190407300000	120.769987500000	.0520200296714187	.0282751511549687	.0237448785164500	19684.725411885242
1024	4	217.280742500000	99.119388100000	118.161354400000	.1020768118053750	.0556869765937500	.0463898352116250	10031.661274378475
1024	8	219.585118057264	100.394770846153	119.190347211111	.2015659436824534	.1080504174057202	.0935155262767332	5080.223282228706
1024	16	218.760007740740	99.448114440740	119.311893300000	.3981752630622299	.2110225055727299	.1871527574895000	2571.731835184249
1024	32	209.686672042857	93.311394900000	116.375277142857	.7573299149467138	.3923153412790000	.3650145736677138	1352.118779134783
1024	64	214.970901522222	98.568873822222	116.402027700000	1.5551658987883175	.8250362974131925	.7301296013751250	658.450651983709
1024	128	215.879416266666	101.141594666666	114.737821600000	3.1295731545387388	1.6902279489187388	1.4393452056200000	327.201170713942
1024	256	213.110327363636	101.266090163636	111.844237200000	6.1946157133386241	3.3886119597886241	2.8060037535500000	165.304846561355
1024	512	216.134236400000	102.943514000000	113.190722400000	12.5464041940812500	6.8669295849062500	5.6794746091750000	81.617010273196
1024	1024	214.690581607692	99.354024907692	115.336556700000	24.8276120024922666	13.2535004204922666	11.5741115820000000	41.244401591953

2048	1	215.320528542857	98.753473800000	116.567054742857	.0408798766230561	.0238805066191562	.0169993700038999	50097.998555233787
2048	2	216.798634400000	97.235908700000	119.562725700000	.0592954218066000	.0325659126000000	.0267295092066000	34538.922864564952
2048	4	221.992901358729	100.708864414285	121.284036944444	.1077533871396173	.0601014638760620	.0476519232635553	19006.363088580991
2048	16	204.161566500000	86.427070900000	117.734495600000	.3716442123285000	.1869739214625000	.1846702908660000	5510.646828504226
2048	32	213.381733766666	92.992940166666	120.388793600000	.7716265566404971	.3940227185374971	.3776038381030000	2654.133638060060
2048	64	220.554547900000	101.933211400000	118.621336500000	1.6022523706458750	.8582078628962500	.7440445077496250	1278.200636504249
2048	128	208.134453571428	102.907275871428	105.227177700000	3.0461339026589189	1.7261281453089189	1.3200057573500000	672.327634124138
2048	256	212.233599542857	98.905562442857	113.328037100000	6.1509350088271380	3.3077128683071380	2.8432221405200000	332.957509234114
2048	512	203.188221914814	100.775230114814	102.412991800000	11.8815897258911491	6.7429488359911491	5.1386408899000000	172.367506979070
2048	1024	217.511666658620	100.064584658620	117.447082000000	25.1490074650240458	13.3631009427240458	11.7859065223000000	81.434625316655
2048	2048	214.374382413793	101.714131813793	112.660250600000	49.7545832090637654	27.1434775886637654	22.6111056204000000	41.162037101074

4096	1	213.406549944444	96.074737144444	117.331812800000	.0689356520948609	.0309584377058609	.0379772143890000	59417.730528806496
4096	2	212.027543099999	98.072407566666	113.955135533333	.0826305261691329	.0489613137117330	.0336692124573999	49570.058305281419
4096	8	214.442351577777	95.604166700000	118.838184877777	.2072231171485077	.1139617949343750	.0932613222141327	19766.134475549737
4096	16	212.698473400000	95.180671000000	117.517802400000	.3968101984518750	.2124741533550000	.1843360450968750	10322.315343658591
4096	32	216.520947788888	99.063814100000	117.457133688888	.7966610189300180	.4282513948046875	.3684096241253305	5141.459043020918
4096	64	218.504307866666	101.124690566666	117.379617300000	1.5940490053606610	.8577893255991610	.7362596797615000	2569.557137970962
4096	128	222.073387142857	100.925759342857	121.147627800000	3.2187370230184261	1.6988436351184261	1.5198933879000000	1272.548819834590
4096	256	215.761634933333	100.801315933333	114.960319000000	6.2634433905529888	3.3791415352329888	2.8843018553200000	653.953383881125
4096	512	211.087604066666	103.843389466666	107.244214600000	12.3254662345199554	6.9442665221199554	5.3811997124000000	332.320086077419
4096	1024	216.786192389655	99.718279989655	117.067912400000	25.1028343326723907	13.3548262903723907	11.7480080423000000	163.168825707815
4096	2048	217.420538621468	100.058037288135	117.362501333333	50.2977533172084306	26.7428135610862821	23.5549397561221485	81.435048881172
4096	4096	219.402531523076	100.169501276923	119.233030246153	101.3724054642842346	53.5118033069999589	47.8606021572842757	40.405473079585

8192	1	218.068855300000	96.607530600000	121.461324700000	.1343695624951075	.0423173255025875	.0920522369925200	60966.187936336229
8192	2	218.730174211764	96.305561011764	122.424613200000	.1435554621820960	.0629006709911760	.0806547911909200	57065.052596944602
8192	4	219.340002500000	99.120682800000	120.219319700000	.1757221957775750	.1052993284406250	.0704228673369500	46619.039579776477
8192	8	219.518995566666	100.994331700000	118.524663866666	.2409447294404744	.1354734468468750	.1054712825935994	33999.498636154398
8192	16	221.390783500000	101.528597600000	119.862185900000	.4304458341498906	.2423733133128906	.1880725208370000	19031.430554273566
8192	32	222.524394166666	102.585553066666	119.938841100000	.8349284945404136	.4587699923204136	.3761585022200000	9811.618663834543
8192	64	207.416073866666	86.927979500000	120.488094366666	1.5059694321304124	.7502482358237500	.7557211963066624	5439.685444618372
8192	128	214.924709733333	98.426557033333	116.498152700000	3.1293422859999909	1.6679092107166610	1.4614330752833299	2617.802480939607
8192	256	226.863555572727	101.795912172727	125.067643400000	6.5605163329964684	3.4226447676498090	3.1378715653466594	1248.682204904802
8192	512	215.275950472727	102.414882272727	112.861068200000	12.5204542297545271	6.8575350145545271	5.6629192152000000	654.289361206395
8192	1024	215.583833466666	98.733588300000	116.850245166666	24.9298635893461519	13.2037005027240000	11.7261630866221519	328.601878250985
8192	2048	215.302941537852	99.802061771186	115.500879766666	49.9167483953917975	26.7356135633697124	23.1811348320220851	164.113253834383
8192	4096	218.665432525030	100.178691039316	118.486741485714	101.0945155857400435	53.5336239584639746	47.5608916272760689	81.033080306440
8192	8192	220.517836796479	100.523075011864	119.994761784615	203.6352808620116794	107.2870592184453285	96.3482216435663509	40.228785332886

16384	1	216.651859333333	98.381737933333	118.270121400000	.1462786117666498	.0509617877446248	.0953168240220250	112005.438130192891
16384	2	217.359775400000	98.450397700000	118.909377700000	.2687675081732000	.0868307773010000	.1819367308722000	60959.749604263069
16384	4	217.549857600000	101.449760500000	116.100097100000	.2842321640739625	.1320126929015625	.1522194711724000	57643.018879934285
16384	8	223.452460342857	101.659848200000	121.792612142857	.3368394799315756	.1947463375967187	.1420931423348569	48640.379100835177
16384	16	210.350146411111	90.993517200000	119.356629211111	.4563252631836109	.2439709197375000	.2123543434461109	35904.214212675739
16384	32	208.775733100000	87.059367800000	121.716365300000	.7968731447633750	.4150196620750000	.3818534826883750	20560.361592892047
16384	64	219.465404422222	99.646168800000	119.819235622222	1.6282767201389847	.8767060666718750	.7515706534671097	10062.171741054869
16384	128	218.271928500000	103.007494300000	115.264434200000	3.2255632400833300	1.7794956876200000	1.4460675524633300	5079.422966010962
16384	256	212.544703500000	101.832270200000	110.712433300000	6.2305300063112000	3.4526830474112000	2.7778469589000000	2629.631826410252
16384	512	212.676984057142	105.275574957142	107.401409100000	12.4718918055427963	7.0828023510427994	5.3890894544999969	1313.674000340395
16384	1024	217.051738906896	98.682905606896	118.368833300000	25.0926732086332560	13.2141121729999261	11.8785610356333299	652.939599690120
16384	2048	219.065210278207	99.678030006779	119.387180271428	50.6203086451150111	26.6590133640008401	23.9612952811141710	323.664561487834
16384	4096	220.617581630769	101.083898676923	119.533682953846	102.1102412922973294	54.1286830333999588	47.9815582588973706	160.454032745840
16384	8192	219.576728730769	99.782565330769	119.794163400000	202.8044896443535995	106.6328320188535995	96.1716576255000000	80.787166145738
16384	16384	221.023516275673	100.351045236051	120.672471039622	407.9741448072014567	214.2205094293899151	193.7536353778115416	40.159407669676

32768	1	212.447811584962	96.788201242105	115.659610342857	.1553135648383239	.0606686313864669	.0946449334518570	210979.640021207197
32768	2	215.769457000000	97.196020800000	118.573436200000	.2946106284327550	.1016263635472550	.1929842648855000	111224.772080751016
32768	16	213.112622242857	96.561503700000	116.551118542857	.6424702039289282	.3702799443375000	.2721902595914282	51003.143491499389
32768	32	210.135937700000	92.429962100000	117.705975600000	.9131206357235000	.4945291919537500	.4185914437697500	35885.729352766926
32768	64	211.077246500000	91.797037100000	119.280209400000	1.6218726044658750	.8735651584368750	.7483074460290000	20203.806334586530
32768	128	210.691040800000	103.272250700000	107.418790100000	3.1886751165599939	1.8410252756600000	1.3476498408999939	10276.368335495643
32768	256	219.838094466666	103.623082566666	116.215011900000	6.4920260987936402	3.5763622707469769	2.9156638280466633	5047.422715396817
32768	512	212.884523000000	104.014520800000	108.870002200000	12.5141324324799938	7.0513588845800000	5.4627735478999938	2618.479561152141
32768	1024	217.995145066666	98.265425666666	119.729719400000	25.2241452171399034	13.2090043901065770	12.0151408270333264	1299.072762145930
32768	2048	217.308882291953	98.874833558620	118.434048733333	50.2523281012146908	26.4822792336480911	23.7700488675665997	652.069291874418
32768	4096	217.253196193103	99.551196793103	117.701999400000	100.4933027390836615	53.2472026834170016	47.2461000556666599	326.071480455542
32768	8192	220.482387729059	99.876916352136	120.605471376923	203.6957243583529760	106.8726227702556054	96.8231015880973706	160.867392299077
32768	16384	345553557.334256806790	345553437.608798283261	119.725458523529	737867547.9911245793826892	737867355.7581029598343377	192.2330216195483515	.000044409054
32768	32768	220.562011079675	100.462479816309	120.099531263366	1160.0363302305759220	774.3532040677700724	385.6831261628058496	28.247391177383

65536	1	220.448670733333	99.760682000000	120.687988733333	.2408355498394495	.0901567721474500	.1506787776919995	272119.294861945791
65536	2	217.456401603474	97.282192889189	120.174208714285	.3215493446116394	.1234248924787835	.1981244521328559	203813.197253295650
65536	4	218.932875100000	100.883598000000	118.049277100000	.5954379952808750	.2109675745446250	.3844704207362500	110063.517141001238
65536	8	227.237704664516	105.379488064516	121.858216600000	1.1193464889638785	.3706229776798785	.7487235112840000	58548.448265258156
65536	16	221.135039714285	105.014924314285	116.120115400000	1.1730224086549534	.5438681016003534	.6291543070546000	55869.350420293231
65536	32	225.038313428571	104.969411900000	120.068901528571	1.2864594898833122	.7266731333096000	.5597863565737122	50942.917764122068
65536	64	212.083049722222	92.869542800000	119.213506922222	1.8270905192208039	.9766610899312500	.8504294292895539	35869.049349535798
65536	128	203.384023800000	93.051354000000	110.332669800000	2.9162987584950000	1.5479294426750000	1.3683693158200000	22472.320371531770
65536	256	223.493924928571	99.691558828571	123.802366100000	5.9763561653771299	3.0029139700571299	2.9734421953200000	10965.879239204352
65536	512	214.600847233333	97.351405333333	117.249441900000	12.1326723360699774	6.5904046093999774	5.5422677266700000	5401.612949289328
65536	1024	218.057244800000	100.612109300000	117.445135500000	24.3832467071000000	13.3667347516000000	11.0165119555000000	2687.747074343343
65536	2048	220.510674163546	99.099128320689	121.411545842857	48.8379544646815737	26.1513730266101719	22.6865814380714018	1341.907144112557
65536	4096	220.941578718832	100.551590303448	120.389988415384	97.7564263945197347	52.8155889331276568	44.9408374613920779	670.400938507240
65536	8192	222.529586006837	100.509674622222	122.019911384615	196.2746158020563179	105.2789561774219894	90.9956596246343285	333.899519977118
65536	16384	223.119302176362	101.532840337901	121.586461838461	393.9839306870828496	212.8582223353374979	181.1257083517453517	166.341809641092
65536	32768	221.271767722236	100.909523199464	120.362244522772	780.7437769620227588	422.5257836093414057	358.2179933526813531	83.940470527999
65536	65536	220.458987845785	100.598033854545	119.860953991240	1488.0889388933922835	775.3980389556237691	712.6908999377685144	44.040378425724

131072	1	215.641434497483	97.948354264150	117.693080233333	.3208299243765390	.1367318719782062	.1840980523983328	408540.444769012847
131072	2	212.502738366666	98.528187666666	113.974550700000	.4496399963580654	.1771842227076654	.2724557736504000	291504.316923849430
131072	4	219.141390650793	102.863392322222	116.277998328571	.6477766984654651	.2601502946848952	.3876264037805699	202341.331990637878
131072	8	218.826498968421	103.441373168421	115.385125800000	1.1846051339379076	.4331993065831576	.7514058273547500	110646.152245082440
131072	16	217.296130216129	104.560294516129	112.735835700000	2.0775841165487094	.7412456273087094	1.3363384892400000	63088.660986558417
131072	32	218.106215575221	105.325351175221	112.780864400000	2.3145846080277541	1.0914467090797541	1.2231378989480000	56628.735689936948
131072	64	207.995462000000	89.555060200000	118.440401800000	2.3423352202910000	1.2415488160000000	1.1007864042910000	55957.831682057989
131072	256	211.463863700000	97.652911900000	113.810951800000	6.4750831726300000	3.6554491413000000	2.8196340313300000	20242.519903688306
131072	1024	200.996397533333	87.538119600000	113.458277933333	22.5161293712499684	11.7915986313500000	10.7245307398999684	5821.249196025720
131072	2048	219.153349485713	100.800058071428	118.353291414285	49.0396651182068566	26.8438913488927049	22.1957737693141517	2672.775184823543
131072	4096	217.155581358973	101.168304492307	115.987276866666	96.7680718745468211	53.4534326878804034	43.3146391866664177	1354.496348443584
131072	8192	221.238679946153	103.564980546153	117.673699400000	196.6564410892098791	108.9370690406298791	87.7193720485800000	666.502451046296
131072	16384	220.002971025925	102.379935425925	117.623035600000	390.0617691541462050	214.8534958880462050	175.2082732661000000	336.028830213817
131072	32768	221.431704688551	103.165873070370	118.265831618181	785.4928440108146945	433.2400443061262224	352.2527997046884721	166.865937735004
131072	65536	221.268945215249	102.772328612994	118.496616602255	1486.8581352321124290	782.6338388586493099	704.2242963734631191	88.153669065097
131072	131072	223.098797591132	103.406302748275	119.692494842857	3010.5389116151215495	1583.3899737326661100	1427.1489378824554395	43.537719939212

262144	1	222.227194166666	99.798407300000	122.428786866666	.5728123328210857	.2452441906885875	.3275681421324982	457643.777865165162
262144	2	218.710560119047	100.291861919047	118.418698200000	.6592656938016530	.2848666339856530	.3743990598160000	397630.276328118435
262144	4	220.979283161904	103.469811161904	117.509472000000	.9290128830249032	.3667797801305032	.5622331028944000	282174.773665623047
262144	8	223.347093380821	103.881004980821	119.466088400000	1.3162852598681802	.5265170625944302	.7897681972737500	199154.399120333910
262144	16	225.461991640259	105.755895940259	119.706095700000	2.4483412646909028	.8851468962784028	1.5631943684125000	107070.041166460938
262144	32	222.623413364516	105.122145364516	117.501268000000	4.1996547758403772	1.4858005811723772	2.7138541946680000	62420.368814135048
262144	256	210.199254533333	91.956033800000	118.243220733333	7.2402341259458238	3.8809824175125000	3.3592517084333238	36206.563964636291
262144	512	199.594507800000	89.137159800000	110.457348000000	12.1479037479800000	6.6769743209000000	5.4709294270800000	21579.360969466876
262144	1024	209.738503857142	98.477268757142	111.261235100000	23.4522087296206030	12.7803743999106030	10.6718343297100000	11177.795789822855
262144	2048	214.266831206348	98.173490277777	116.093340928571	48.4895363364374069	26.5566672620803451	21.9328690743570618	5406.197291332154
262144	4096	221.540198376190	101.130417833333	120.409780542857	99.0489280074985782	53.9220590659414889	45.1268689415570893	2646.611177661147
262144	8192	223.121968336363	102.709933936363	120.412034400000	198.4857048400345544	108.5984318234345544	89.8872730166000000	1320.719797988825
262144	16384	221.638350060728	101.803016668421	119.835333392307	393.0888347784211241	214.4416919234683101	178.6471428549528140	666.882335001366
262144	32768	221.914752178883	103.219849176923	118.694903001960	787.5418036687409674	433.9262619998746766	353.6155416688662908	332.863600102000
262144	65536	222.174822899999	101.235667514285	120.939155385714	1590.3797573149350210	869.1087705051510107	721.2709868097840103	164.831071820595
262144	131072	222.612113335978	102.844962007407	119.767151328571	3011.2367019000912638	1582.9765939078678033	1428.2601079922234605	87.055261990725
262144	262144	221.443926692592	102.281730800000	119.162195892592	6128.6989459382858725	3287.8711114829000000	2840.8278344553858725	42.773189271065

524288	1	216.833589409597	99.361622142931	117.471967266666	1.0315897732350307	.4533947215343674	.5781950517006633	508233.033714410073
524288	2	215.938314464646	100.298370064646	115.639944400000	1.1220415226911320	.4980625913709320	.6239789313202000	467262.565063131316
524288	4	222.360202596969	103.339320063636	119.020882533333	1.3397639839382988	.5852267214836343	.7545372624546645	391328.626747250615
524288	8	222.179741403703	103.725697737037	118.454043666666	1.8798828932238358	.7467263637471756	1.1331565294766602	278893.968283785827
524288	16	219.946039269666	103.638472541095	116.307566728571	2.5903913010459930	1.0504581589431416	1.5399331421028514	202397.220755139937
524288	32	221.866915655696	105.023150255696	116.843765400000	4.8014949908428826	1.7580385944708826	3.0434563963720000	109192.657911731656
524288	64	201.449747900000	88.913106900000	112.536641000000	8.0495282176075000	2.5346618426875000	5.5148663749200000	65132.761303100336
524288	256	200.108675733333	87.392236500000	112.716439233333	9.0578234807366542	4.8559767564000000	4.2018467243366542	57882.337971700099
524288	512	208.499292600000	97.797241800000	110.702050800000	14.5676187607300000	8.2493724517500000	6.3182463089800000	35989.958867768127
524288	2048	222.913815500000	101.528536300000	121.385279200000	50.7035317193125000	27.3568686748375000	23.3466630444750000	10340.265899077472
524288	4096	225.319661804761	103.174312471428	122.145349333333	102.1971009819271830	55.9118179395139760	46.2852830424132070	5130.165092380815
524288	8192	224.634605005127	103.635440138461	120.999164866666	201.2506260960284129	110.3665510936955804	90.8840750023328325	2605.149659260347
524288	16384	222.365476057764	101.790998496226	120.574477561538	395.0272676202134558	214.8465896880679917	180.1806779321454641	1327.219771836257
524288	32768	224.213259916690	103.447301484615	120.765958432075	795.4812276782933825	435.1141585255079976	360.3670691527853849	659.082806429256
524288	65536	223.819329535970	103.160963776258	120.658365759712	1513.7747037261132857	794.2217247335664572	719.5529789925468285	346.344801977123
524288	131072	221.585071568965	101.174722913793	120.410348655172	3062.8384754358037467	1626.9548932073535088	1435.8835822284502379	171.177162689064
524288	262144	222.171334648484	102.642743866666	119.528590781818	6173.4047747177952861	3324.4346457578450743	2848.9701289599502118	84.926878948086
524288	524288	221.424644190239	102.061968343511	119.362675846728	12166.1345975079608996	6475.4375137438950891	5690.6970837640658105	43.094048960085

1048576	1	221.135648399999	99.981733533333	121.153914866666	1.9331138757959912	.8663258214799971	1.0667880543159941	542428.468973785474
1048576	2	219.082292691644	100.104809091644	118.977483600000	2.0941660528688883	.9134413509760883	1.1807247018928000	500712.920335763518
1048576	4	222.870209613043	103.405303013043	119.464906600000	2.3071599636291257	1.0212737684591257	1.2858861951700000	454487.775676640441
1048576	8	227.476543862595	104.646887062595	122.829656800000	2.7566598666730677	1.1958298852230677	1.5608299814500000	380379.172881236072
1048576	16	226.848575112883	103.743578212883	123.104996900000	3.8627171547174016	1.4978970504174016	2.3648201043000000	271460.725183931922
1048576	32	222.849450336818	103.131613908247	119.717836428571	5.2524179542907863	2.0880576629965120	3.1643602912942743	199636.816629072917
1048576	128	209.705175000000	86.143548400000	123.561626600000	16.8881319168000000	4.8546002662500000	12.0335316505500000	62089.519738822981
1048576	256	221.361011500000	97.010879600000	124.350131900000	18.8436401830825000	8.0491471459625000	10.7944930371200000	55646.148504862331
1048576	512	211.692818699999	94.804274233333	116.888544466666	19.3485451247132460	10.5645633130332961	8.7839818116799499	54194.048867306779
1048576	1024	213.473994900000	97.986152000000	115.487842900000	29.6632934337000000	16.5222020317000000	13.1410914020000000	35349.277798288214
1048576	2048	222.493631590909	101.181899090909	121.311732500000	54.4209317609306545	30.3778587650181545	24.0430729959125000	19267.880318667815
1048576	4096	223.362444250724	102.389960417391	120.972483833333	101.2134297835097091	54.7599048992498372	46.4535248842598719	10360.048090879341
1048576	8192	225.652070366666	104.464306200000	121.187764166666	204.9982129998769957	113.3417702991875000	91.6564427006894957	5115.049466312319
1048576	16384	222.675413250445	102.676971915151	119.998441335294	398.7509725202307675	218.6139239278132971	180.1370485924174704	2629.651266735907
1048576	32768	222.240231300000	103.293412400000	118.946818900000	791.5401481582500000	435.9794819142000000	355.5606662440500000	1324.728761314027
1048576	65536	221.680088493648	103.244863374100	118.435225119548	1494.4388957043407426	787.5209403763376779	706.9179553280030647	701.651973201485
1048576	131072	220.824390021692	103.050467714285	117.773922307407	3074.9906030943401779	1670.0260178479598529	1404.9645852463803250	341.001367270789
1048576	262144	219.416048528301	101.882324400000	117.533724128301	6116.3485268481165804	3312.4597493226000000	2803.8887775255165804	171.438235639647
1048576	524288	221.981699797882	102.202061357142	119.779638440740	12248.5304028581191137	6537.0218701734951756	5711.5085326846239381	85.608310998299
1048576	1048576	193487302.660850991849	101.600570618018	193487201.060280373831	18446702761.1068033078451936	13001.5338347523238204	18446689759.5729685555213732	.000056843546

