1	1	212.710019400000	101.253390200000	111.456629200000	.0005009742941718	.0001009918355006	.0003999824586712	1996.110402537077

2	1	216.745532821211	96.606128066666	120.139404754545	.0002306007363176	.0001039492546071	.0001266514817105	8672.999193053119
2	2	215.922719614285	99.265997200000	116.656722414285	.0004995834149781	.0002227698345162	.0002768135804619	4003.335459179870

4	1	218.405485766666	98.986216966666	119.419268800000	.0002356558258147	.0001220958892718	.0001135599365429	16973.906697071282
4	2	213.218532300000	96.754078400000	116.464453900000	.0005309483697464	.0002621321772400	.0002688161925064	7533.689202041515
4	4	219.920550881818	99.781691081818	120.138859800000	.0015914743028114	.0010496032983694	.0005418710044420	2513.392766024463

8	1	206.991735500000	94.768486700000	112.223248800000	.0004533118062800	.0003000283521720	.0001532834541080	17647.896854154707
8	2	219.848702600000	103.051876300000	116.796826300000	.0009026710715479	.0006526035237834	.0002500675477645	8862.585998553828
8	4	204.627146844444	98.868003144444	105.759143700000	.0021667237792865	.0012347705904825	.0009319531888040	3692.210366858295
8	8	219.339194633333	101.616005433333	117.723189200000	.0055496440344594	.0025362700760416	.0030133739584178	1441.533898449271

16	1	207.773325633333	92.716976433333	115.056349200000	.0006634540294695	.0002939480815991	.0003695059478704	24116.214973920125
16	2	224.662493090476	104.646520400000	120.015972690476	.0014393293385874	.0006575882975574	.0007817410410300	11116.288378935476
16	4	189.283031745454	98.386398745454	90.896633000000	.0024092060728890	.0012435950772290	.0011656109956600	6641.191959479662
16	8	210.706235321052	99.163029721052	111.543205600000	.0053889500576980	.0025124732675815	.0028764767901165	2969.038463651067
16	16	221.900337329268	99.392482429268	122.507854900000	.0112273516308307	.0049819679457682	.0062453836850625	1425.091199251606

32	1	210.982985103029	96.577201966666	114.405783136363	.0006763137330940	.0003019591778016	.0003743545552924	47315.318962408767
32	2	220.289506928571	97.041577000000	123.247929928571	.0013980557219662	.0006067846469537	.0007912710750125	22888.930317452429
32	4	214.639761700000	97.831741300000	116.808020400000	.0027464688049154	.0012392732083554	.0015071955965600	11651.324763903772
32	8	219.669824663636	97.058926363636	122.610898300000	.0056007919357325	.0024257632693597	.0031750286663728	5713.477730862158
32	16	210.557335858536	99.878835458536	110.678500400000	.0107931309103284	.0050533480427176	.0057397828676108	2964.848686248941
32	32	217.587577456097	100.040489456097	117.547088000000	.0219024803213591	.0099422348125107	.0119602455088484	1461.021744135247

64	1	212.181107700000	95.728357700000	116.452750000000	.0006765115208528	.0002992302659008	.0003772812549520	94602.971312776146
64	2	214.494952157142	98.051237700000	116.443714457142	.0013783992969803	.0006231435811816	.0007552557157987	46430.667906031792
64	4	191.832476981818	99.185906981818	92.646570000000	.0024526949427445	.0012632741262445	.0011894208165000	26093.746468276936
64	8	215.748549738095	99.821224238095	115.927325500000	.0055235537537495	.0025384726382348	.0029850811155147	11586.743399854759
64	16	220.274930444444	99.202073200000	121.072857244444	.0113495048470257	.0050332828236189	.0063162220234068	5639.012526328152
64	32	219.365015107594	99.882215307594	119.482799800000	.0222517557354718	.0101307786706005	.0121209770648713	2876.177536767438
64	64	219.537089899231	99.738474852173	119.798615047058	.0444687925056751	.0201000841672878	.0243687083383873	1439.211554751173

128	1	220.856316900000	96.783522500000	124.072794400000	.0007115816577638	.0003098851184934	.0004016965392704	179880.971640345296
128	2	214.883182800000	99.656165200000	115.227017600000	.0013903188024149	.0006238675559079	.0007664512465070	92065.215386335645
128	4	221.278103300000	100.535796500000	120.742306800000	.0028104595770133	.0012572533633333	.0015532062136800	45544.152652793789
128	8	207.511774585714	99.682110085714	107.829664500000	.0052596881296031	.0024891435969442	.0027705445326589	24336.043667604104
128	16	218.348403712402	99.403425879069	118.944977833333	.0111005900018827	.0049514191342665	.0061491708676162	11530.918624892076
128	32	217.854158213890	100.009715190361	117.844443023529	.0222426041020310	.0101658502440220	.0120767538580090	5754.721857784276
128	64	219.514187798521	99.724383856097	119.789803942424	.0455207597465096	.0210489865937283	.0244717731527813	2811.903859091777
128	128	220.558699268181	99.808427450000	120.750271818181	.0882091208477965	.0392047081047832	.0490044127430133	1451.097106169576

256	1	191.308502636363	96.272139000000	95.036363636363	.0006703428452591	.0003307553601552	.0003395874851039	381894.133443090945
256	2	228.803970900000	98.948337800000	129.855633100000	.0015715633606776	.0006728652049272	.0008986981557504	162895.118584097218
256	4	200.430109400000	99.391403700000	101.038705700000	.0026603147539808	.0013324006920258	.0013279140619550	96229.214838932401
256	8	220.150380588888	100.415313688888	119.735066900000	.0058192453249344	.0027314947830144	.0030877505419200	43991.958700054611
256	16	213.334825434146	97.448647434146	115.886178000000	.0113485154626606	.0052218771138719	.0061266383487887	22558.016583076685
256	32	218.286900343136	97.604992776470	120.681907566666	.0228609918345798	.0104527078663666	.0124082839682132	11198.114318591000
256	64	220.227149424400	101.151203818518	119.075945605882	.0464854297929336	.0218537658190778	.0246316639738558	5507.101927213231
256	128	224.784321286974	103.569846182213	121.214475104761	.0931210664978162	.0428136637531452	.0503074027446710	2749.109408084404
256	256	220.043870019939	99.462465419939	120.581404600000	.1780624448056378	.0807589168534778	.0973035279521600	1437.697883343307

512	1	227.014412333333	93.166122933333	133.848289400000	.0011906350333174	.0004020683445774	.0007885666887400	430022.622947220821
512	2	224.110417200000	99.042380400000	125.068036800000	.0013659665980832	.0004641979170096	.0009017686810736	374826.149276612446
512	4	201.547879000000	97.341653200000	104.206225800000	.0016588408061802	.0004869032739152	.0011719375322650	308649.267664796884
512	8	209.464065189473	96.463230289473	113.000834900000	.0026454706196853	.0008375864097528	.0018078842099325	193538.342928528352
512	16	221.553157285714	97.921928585714	123.631228700000	.0037899576912853	.0017173676484953	.0020725900427900	135093.856371352754
512	32	226.728771963571	97.694620851807	129.034151111764	.0077327451439199	.0035822924941611	.0041504526497588	66211.932563505622
512	64	231.668331612923	97.660799267469	134.007532345454	.0360325014614686	.0129386644274687	.0230938370339999	14209.393720486151
512	128	216.505644458538	100.284634150602	116.221010307936	.0890766021013796	.0412549814644275	.0478216206369521	5747.861816925662
512	256	218.496040986578	98.110633465944	120.385407520634	.1819621318190018	.0832571854069994	.0987049464120024	2813.772266139900
512	512	221.973135633872	101.378160033872	120.594975600000	.3690624414297085	.1721655125244205	.1968969289052880	1387.299119402577

1024	1	191.101766000000	91.926789400000	99.174976600000	.0020443479245852	.0008221419742852	.0012222059503000	500893.212787040887
1024	2	191.101766000000	91.926789400000	99.174976600000	.0020443479245852	.0008221419742852	.0012222059503000	500893.212787040887
1024	4	211.285466600000	98.463613400000	112.821853200000	.0017279304074872	.0009282855004812	.0007996449070060	592616.459298917390
1024	8	193.279425300000	88.640007300000	104.639418000000	.0018601347785419	.0008778492284507	.0009822855500912	550497.744471333825
1024	16	201.948863900000	95.243048600000	106.705815300000	.0032708965168462	.0017561564946337	.0015147400222125	313064.016157668385
1024	32	207.323133851947	97.548250142857	109.774883709090	.0085474299975311	.0035472486473221	.0050001813502090	119802.092593420406
1024	64	207.237610727272	97.701065400000	109.536545327272	.0304041248611378	.0146927600364243	.0157113648247135	33679.640663128078
1024	128	215.493013711110	97.203907233333	118.289106477777	.0907736785201086	.0420069697275756	.0487667087925330	11280.803165569178
1024	256	217.169496848717	97.627412433333	119.542084415384	.1825002039640328	.0835012090846872	.0989989948793456	5610.952633246427
1024	512	218.457586906451	97.641064100000	120.816522806451	.3638713942915573	.1672800326385906	.1965913616529667	2814.181098224789
1024	1024	221.686859636686	100.445735536686	121.241124100000	.7330185205150644	.3398619339505324	.3931565865645320	1396.963339044249

2048	1	222.278230200000	98.050617900000	124.227612300000	.0046535356464475	.0019285957036325	.0027249399428150	440095.479136049852
2048	2	222.278230200000	98.050617900000	124.227612300000	.0046535356464475	.0019285957036325	.0027249399428150	440095.479136049852
2048	4	222.278230200000	98.050617900000	124.227612300000	.0046535356464475	.0019285957036325	.0027249399428150	440095.479136049852
2048	8	222.278230200000	98.050617900000	124.227612300000	.0046535356464475	.0019285957036325	.0027249399428150	440095.479136049852
2048	16	212.133531685713	93.713896933333	118.419634752380	.0048435482250727	.0024375773076999	.0024059709173728	422830.516974827936
2048	32	202.713132700000	96.999763700000	105.713369000000	.0083250157137400	.0037549537036350	.0045700620101050	246005.541661607179
2048	64	215.719683133333	99.172389833333	116.547293300000	.0302921411178435	.0211954179967715	.0090967231210720	67608.294574913075
2048	128	214.006047400000	97.708203900000	116.297843500000	.0881134245659546	.0417006658680546	.0464127586979000	23242.769306588832
2048	256	216.736565308163	98.024625365306	118.711939942857	.1810203243310936	.0835348702668366	.0974854540642570	11313.646727613436
2048	512	209.842684301030	97.671892101030	112.170792200000	.3544072640682499	.1685453000640499	.1858619640042000	5778.662594245265
2048	1024	218.938754318324	97.737817618324	121.200936700000	.7395085686571007	.3348450688618507	.4046634997952500	2769.406720626691
2048	2048	217.590649161538	97.726204561538	119.864444600000	1.4395898249837199	.6616834130969199	.7779064118868000	1422.627448775668

4096	1	219.737919900000	106.190565800000	113.547354100000	.0075353470146700	.0036831872313750	.0038521597832950	543571.515953519573
4096	2	219.737919900000	106.190565800000	113.547354100000	.0075353470146700	.0036831872313750	.0038521597832950	543571.515953519573
4096	4	209.047779833333	94.855522300000	114.192257533333	.0073829586488516	.0033591115341850	.0040238471146666	554791.133854870247
4096	8	210.372655800000	92.078010900000	118.294644900000	.0086823801125180	.0034926072501500	.0051897728623680	471760.041246582582
4096	16	220.584938523808	100.220628566666	120.364309957142	.0095069841171522	.0036652963421666	.0058416877749856	430841.153148675863
4096	32	215.576663833333	95.813550700000	119.763113133333	.0163193827406341	.0037331248135675	.0125862579270666	250989.885162828610
4096	64	219.298716200000	98.866127500000	120.432588700000	.0317368858823406	.0067733692167806	.0249635166655600	129061.181843274139
4096	128	217.956759445454	98.318275400000	119.638484045454	.0920575776988725	.0423611014380000	.0496964762608725	44493.892869942056
4096	256	215.973929906122	98.040393463265	117.933536442857	.1818650673394689	.0850810770068405	.0967839903326284	22522.192194031502
4096	512	218.211534663265	97.565729663265	120.645805000000	.3712521325115811	.1671900709935811	.2040620615180000	11032.933258295092
4096	1024	208.142573589370	97.017420782474	111.125152806896	.7026544258485588	.3365373040255262	.3661171218230326	5829.323561227805
4096	2048	211.858173833333	95.214409533333	116.643764300000	1.4259723516186643	.6593734778261643	.7665988737925000	2872.425959276494
4096	4096	217.236313762962	100.095764396296	117.140549366666	2.9072924244192204	1.3662053716421626	1.5410870527770578	1408.871005061777

8192	1	213.958223100000	94.053093400000	119.905129700000	.0148899285854750	.0062128160160350	.0086771125694400	550170.536612998066
8192	2	213.958223100000	94.053093400000	119.905129700000	.0148899285854750	.0062128160160350	.0086771125694400	550170.536612998066
8192	4	193.892426100000	89.329680100000	104.562746000000	.0131175470239950	.0060881853564750	.0070293616675200	624507.004626318809
8192	8	206.283278400000	86.544621900000	119.738656500000	.0143334847745000	.0059954207789800	.0083380639955200	571528.845139877327
8192	16	205.466812200000	92.750459300000	112.716352900000	.0206533274949650	.0117289158631250	.0089244116318400	396643.107605643596
8192	32	214.486254500000	92.955086600000	121.531167900000	.0223531550813560	.0097232203761560	.0126299347052000	366480.703515212769
8192	64	217.859082381818	97.323748881818	120.535333500000	.0458960799927526	.0209870101965126	.0249090697962400	178490.189168521359
8192	128	215.404898536363	96.632414700000	118.772483836363	.0912564551666488	.0422161384117400	.0490403167549088	89768.992067904732
8192	256	215.614829982992	97.567915844897	118.046914138095	.1811842062099951	.0835233670355573	.0976608391744378	45213.653945672031
8192	512	218.250759730611	98.414908759183	119.835850971428	.3696449006206049	.1680645947394631	.2015803058811418	22161.809851147066
8192	1024	215.992250852281	97.174995871794	118.817254980487	.7330831030512876	.3385699918455928	.3945131112056948	11174.722164380421
8192	2048	213.535755733333	96.080717800000	117.455037933333	1.4362621957882644	.6609798229952000	.7752823727930644	5703.693952275880
8192	4096	218.972466894252	97.619568466666	121.352898427586	2.9327393216855628	1.3350974203883242	1.5976419012972386	2793.292925636407
8192	8192	217.538496244067	97.072931500000	120.465564744067	5.7943495963868583	2.6402683656516250	3.1540812307352333	1413.791119042632

16384	1	212.059878700000	94.679892200000	117.379986500000	.0285127234775675	.0125209577932675	.0159917656843000	574620.660593512856
16384	2	204.943228900000	94.297993800000	110.645235100000	.0274080764084100	.0125186193333100	.0148894570751000	597780.003085976153
16384	4	202.606328200000	93.742891100000	108.863437100000	.0268179735823762	.0125588594583762	.0142591141240000	610933.557290360328
16384	8	208.834442200000	98.342093000000	110.492349200000	.0290085716026000	.0136087349925000	.0153998366101000	564798.578311643710
16384	16	216.806481033333	97.723604133333	119.082876900000	.0312090009172466	.0142204744833466	.0169885264339000	524976.754092308540
16384	32	213.551614000000	95.206676800000	118.344937200000	.0325830463613580	.0137133320264580	.0188697143349000	502838.188249662047
16384	64	217.378841133333	96.477411700000	120.901429433333	.0417370380045669	.0149694781077837	.0267675598967832	392553.012463588088
16384	128	214.559741000000	97.736972000000	116.822769000000	.0920187709723088	.0424103270033488	.0496084439689600	178050.628441130077
16384	256	217.612913785916	97.115720938297	120.497192847619	.1862406150788216	.0845008505606503	.1017397645181713	87972.218052790950
16384	512	215.346915509326	97.927688247422	117.419227261904	.3647646447025706	.1708162820768957	.1939483626256749	44916.633884184492
16384	1024	216.630102260038	97.480100150515	119.150002109523	.7329405364022583	.3354268542286896	.3975136821735687	22353.791591911627
16384	2048	215.482459557142	97.458749057142	118.023710500000	1.4516651603988512	.6660746669298512	.7855904934690000	11286.349253913640
16384	4096	218.765366711140	97.005730607692	121.759636103448	2.9382440521589596	1.3320126594555150	1.6062313927034446	5576.119515314387
16384	8192	218.000762709689	97.273014745283	120.727747964406	5.8159997957618548	2.6691962368190277	3.1468035589428271	2817.056495074001
16384	16384	218.367228910616	97.583202737735	120.784026172881	11.6418818494414813	5.3060787446109915	6.3358031048304898	1407.332612706941

32768	1	207.423492099999	92.404884466666	115.018607633333	.0556954604453996	.0244741017868664	.0312213586585332	588342.384423300163
32768	2	199.144196500000	93.045265900000	106.098930600000	.0524643338577250	.0246596221332250	.0278047117245000	624576.690306630950
32768	4	191.512085100000	92.511946100000	99.000139000000	.0509037727601562	.0245873063061562	.0263164664540000	643724.388649802118
32768	8	195.766777033333	93.531728900000	102.235048133333	.0526554674845332	.0250767282000000	.0275787392845332	622309.544770923119
32768	16	210.570890100000	96.985580900000	113.585309200000	.0579309056269125	.0268135545869125	.0311173510400000	565639.353388206499
32768	32	215.156767966666	98.571227166666	116.585540800000	.0616785239508706	.0280391511202706	.0336393728306000	531270.820068603078
32768	64	216.716756800000	96.590136000000	120.126620800000	.0665100549961975	.0281945607696375	.0383154942265600	492677.385425006876
32768	128	217.648748100000	98.085098600000	119.563649500000	.0941143399672225	.0439133034872225	.0502010364800000	348172.234023127776
32768	256	218.384647399999	98.020450366666	120.364197033333	.1881137109801991	.0862421984137994	.1018715125663997	174192.512758674823
32768	512	219.970916802439	100.565134502439	119.405782300000	.3744136119872731	.1753673782248731	.1990462337624000	87518.185639879554
32768	1024	217.588439767893	97.849116153608	119.739323614285	.7379170064253121	.3421058025913145	.3958112038339976	44406.077803705689
32768	2048	216.391847700000	96.784214900000	119.607632800000	1.4695317706167000	.6642801381807000	.8052516324360000	22298.258979626322
32768	4096	216.734472974193	97.135174000000	119.599298974193	2.9090325211654121	1.3352003736680000	1.5738321474974121	11264.226082585193
32768	8192	218.824362748780	97.478649448780	121.345713300000	5.9614120094594985	2.7168898251194985	3.2445221843400000	5496.684333846431
32768	16384	217.578040556677	97.422602609523	120.155437947154	11.9909117859717529	5.3383225107285270	6.6525892752432259	2732.736307703931
32768	32768	215.846088614042	97.432141463636	118.413947150406	23.7653589063393012	10.6062010221188695	13.1591578842204317	1378.813597099065

65536	1	199.652163228571	93.344731428571	106.307431800000	.1054254100379712	.0494356311205712	.0559897789174000	621633.816519146741
65536	2	188.998586900000	90.973919100000	98.024667800000	.1000088661004125	.0481959890776625	.0518128770227500	655301.900275516552
65536	4	200.488878600000	95.787589200000	104.701289400000	.1065574709274812	.0508087237512312	.0557487471762500	615029.611997841140
65536	8	197.653899142857	93.210996642857	104.442902500000	.1051568551639734	.0495368440763534	.0556200110876200	623221.376274597333
65536	16	199.074842344444	94.495735944444	104.579106400000	.1062835112836136	.0506210638547386	.0556624474288750	616614.931220324661
65536	32	202.643824100000	95.916922900000	106.726901200000	.1110464712738881	.0530508158515281	.0579956554223600	590167.334884151248
65536	64	210.375812766666	98.040026800000	112.335785966666	.1202115948350329	.0570172379270000	.0631943569080329	545172.036773453092
65536	128	208.611336314285	96.845724585714	111.765611728571	.1263812510645759	.0544215563757492	.0719596946888267	518557.930452149543
65536	256	214.266780093229	97.995255165957	116.271524927272	.1415769377385202	.0589274608370465	.0826494769014737	462900.250894245678
65536	512	210.852540709216	97.494803180645	113.357737528571	.2175068499899095	.0617944410251515	.1557124089647580	301305.453152580356
65536	1024	214.729955629405	98.407146948453	116.322808680952	.4291530243697260	.1080758115497106	.3210772128200154	152710.097048131499
65536	2048	212.101351009523	95.803285542857	116.298065466666	.8509978514460051	.2114584824795711	.6395393689664340	77010.770225379574
65536	4096	215.256616762962	97.540151762962	117.716465000000	1.7339288893624992	.4384897884750026	1.2954391008874966	37796.244356996171
65536	8192	213.942718226094	97.345771456603	116.596946769491	5.1298308523273232	2.5738240955256399	2.5560067568016833	12775.469969008306
65536	16384	215.620550994676	97.329152204761	118.291398789915	10.5748224437491657	5.3672956810883574	5.2075267626608083	6197.361738091279
65536	32768	215.210989647247	97.521024472549	117.689965174698	21.0153654869713295	10.7513363624742135	10.2640291244971160	3118.480144474748
65536	65536	219.165326158528	99.400811072727	119.764515085801	39.6475597174021586	21.5225422008038142	18.1250175165983444	1652.964279948731

131072	1	200.848715833333	94.054153700000	106.794562133333	.2135254848156496	.0996165060216500	.1139089787939996	613847.101731968709
131072	2	192.763449133333	89.552884600000	103.210564533333	.2040138895461496	.0948934725611500	.1091204169849996	642466.060970571556
131072	4	194.994674800000	92.527772100000	102.466902700000	.2067845723315125	.0980556210355125	.1087289512960000	633857.731851814547
131072	8	199.458422700000	93.940087800000	105.518334900000	.2116064506857500	.0996480258517500	.1119584248340000	619414.009238550352
131072	16	201.890488233333	96.743229400000	105.147258833333	.2143396707065621	.1027668544465625	.1115728162599996	611515.355827161747
131072	32	201.331084733333	93.448299000000	107.882785733333	.2154676914436829	.0997576222953500	.1157100691483329	608313.938492530221
131072	64	205.179553566666	97.293382900000	107.886170666666	.2248452587618325	.1057275248925000	.1191177338693325	582943.134855416760
131072	128	210.846029257142	95.883455700000	114.962573557142	.2406732135742115	.1093218427767125	.1313513707974990	544605.683588398155
131072	256	214.624244771428	98.701339900000	115.922904871428	.2605527949411031	.1164379670736039	.1441148278674992	503053.517539999111
131072	512	205.766485148717	98.544485115384	107.222000033333	.2443592127191413	.1170495935942837	.1273096191248576	536390.662506553350
131072	1024	211.465429900000	97.326556600000	114.138873300000	.2717824829878673	.1235836901170373	.1481987928708300	482268.020216193304
131072	2048	214.299295630303	97.667625530303	116.631670100000	.4434450400728373	.2248711895395073	.2185738505333300	295576.651344371773
131072	4096	214.570297929850	97.895808929850	116.674489000000	.9105181315601662	.4463086946435063	.4642094369166599	143953.201432034176
131072	8192	206.915800811940	97.701411511940	109.214389300000	2.7465454926946468	1.8593796132833968	.8871658794112500	47722.493710236976
131072	16384	217.058750514606	97.485212114606	119.573538400000	7.3643957879605896	5.3762896911439264	1.9881060968166632	17798.065689825934
131072	32768	216.010348290655	97.844534157322	118.165814133333	16.3892279543647727	10.8212508239920141	5.5679771303727586	7997.448102190375
131072	65536	215.287606089483	97.860788689483	117.426817400000	43.4809277110447126	21.5096681980384626	21.9712595130062500	3014.471100318911
131072	131072	222.774165768627	100.780717835294	121.993447933333	88.5106154763370747	43.0352225605705323	45.4753929157665424	1480.861920286177

262144	1	200.975044672727	95.009128700000	105.965915972727	.4263306722437485	.2012476732488400	.2250829989949085	614884.213280631367
262144	2	201.360453954545	93.805342000000	107.555111954545	.4265900869404699	.1987387317113800	.2278513552290899	614510.294601810236
262144	4	203.605268381818	95.900443100000	107.704825281818	.4313865398540325	.2032130995444875	.2281734403095450	607677.745552054547
262144	8	202.139113300000	94.991166700000	107.147946600000	.4283802822309250	.2013756482229250	.2270046340080000	611942.264557095633
262144	16	201.810244666666	95.436100100000	106.374144566666	.4282269848967485	.2024703101687500	.2257566747279985	612161.328560848577
262144	32	204.954699654545	95.440554300000	109.514145354545	.4355776476066863	.2027408563139600	.2328367912927263	601830.698706349272
262144	64	203.933706300000	96.062436500000	107.871269800000	.4350594338885417	.2058155967185417	.2292438371700000	602547.559208103338
262144	128	207.647390660605	96.564516833333	111.082873827272	.4547239140063356	.2118517605008827	.2428721535054529	576490.463609854455
262144	256	211.345006533333	98.137344233333	113.207662300000	.4765412149855459	.2281960595847159	.2483451554008300	550097.225080418616
262144	512	208.481174366666	102.019273866666	106.461900500000	.4973608508072453	.2423626644005817	.2549981864066636	527070.032903726123
262144	1024	209.273539781818	97.015926900000	112.257612881818	.5071293079498279	.2386956242363500	.2684336837134779	516917.472310503567
262144	2048	211.322863603030	95.675188603030	115.647675000000	.5417902976943898	.2438215496010598	.2979687480933300	483847.719524628324
262144	4096	200.813594970149	99.741595470149	101.071999500000	.9137467502507913	.4677503422057942	.4459964080449971	286889.118815525970
262144	8192	213.418738956390	98.315053556390	115.103685400000	1.9437399595097276	.9293707757097276	1.0143691838000000	134865.777038468133
262144	16384	218.713772822388	98.018927022388	120.694845800000	7.5073575851998101	5.3402000390998101	2.1671575461000000	34918.278105840748
262144	32768	213.460515663218	97.804010763218	115.656504900000	23.0427105138612783	10.7142122705300283	12.3284982433312500	11376.439409864911
262144	65536	217.876646709503	99.629442909503	118.247203800000	44.3314647549439769	21.9191137069127269	22.4123510480312500	5913.271791245402
262144	131072	206.825315336947	97.900627703614	108.924687633333	83.3143834602623269	42.5031982222624518	40.8111852379998751	3146.443496458595
262144	262144	213.123453815721	98.019879058579	115.103574757142	169.7793138563382171	83.9298092956102850	85.8495045607279321	1544.027915095815

524288	1	201.717790499033	95.659161555555	106.058628943478	.8552981133351269	.4052777540359976	.4500203592991293	612988.608095492229
524288	2	201.276904972727	95.066649700000	106.210255272727	.8528164504302261	.4027861293655000	.4500303210647261	614772.381249809236
524288	4	200.631167263636	94.290860700000	106.340306563636	.8501138802820348	.3995435411934000	.4505703390886348	616726.784682143508
524288	8	203.136746567588	95.309080754545	107.827665813043	.8608209027212727	.4039293722633617	.4568915304579110	609055.842327472489
524288	16	200.915143922222	95.005981522222	105.909162400000	.8515674255116101	.4027965416301101	.4487708838815000	615674.090263627588
524288	32	202.393477818181	95.318741900000	107.074735918181	.8589310857100874	.4044260693780000	.4545050163320874	610395.884748501765
524288	64	201.265432326086	95.742602600000	105.522829726086	.8552297353567401	.4067125953445703	.4485171400121698	613037.618226995929
524288	128	205.003217734782	94.906947200000	110.096270534782	.8761162547002165	.4046878464169614	.4714284082832551	598422.865900824201
524288	256	207.066376200000	95.830556500000	111.235819700000	.9141008930428634	.4251756848512000	.4889252081916634	573555.943321253753
524288	512	212.889125907692	98.732263707692	114.156862200000	.9696624372189445	.4588383388949445	.5108240983240000	540691.254890405354
524288	4096	217.939122067164	98.566633267164	119.372488800000	1.0938168921406004	.4983280146443573	.5954888774962431	479319.714083010757
524288	8192	192.378547218518	98.383397318518	93.995149900000	1.6395013705307981	.8840199222047617	.7554814483260364	319785.033073963647
524288	16384	214.004035568401	98.277812568401	115.726223000000	3.7390091012049928	1.8179386199445828	1.9210704812604100	140221.108269309794
524288	32768	214.489568194835	97.995898559541	116.493669635294	15.0451503187975862	10.8554616256995546	4.1896886930980316	34847.641192720318
524288	65536	217.766732230743	97.868987867107	119.897744363636	44.3505198503145224	21.7278723346782274	22.6226475156362950	11821.462336168803
524288	131072	205.909503900000	97.111044700000	108.798459200000	83.5551137771666612	42.3102213994666612	41.2448923777000000	6274.756580407812
524288	262144	206.763675880952	97.454090080952	109.309585800000	166.6112612042619641	84.9409865387619641	81.6702746655000000	3146.774090841517
524288	524288	213.960245894372	98.240597451515	115.719648442857	340.3549979384165843	168.0137104688882257	172.3412874695283586	1540.415164095413

1048576	1	203.029790725145	95.406786147368	107.623004577777	1.7208876307985442	.8075261863526280	.9133614444459162	609322.759507213637
1048576	2	201.761306854545	95.264807300000	106.496499554545	1.7074991544657678	.8068527909233505	.9006463635424173	614100.450508317958
1048576	4	203.121083847368	96.692671947368	106.428411900000	1.7248009009964057	.8204470846764118	.9043538163199939	607940.313223540645
1048576	8	201.444681177777	94.977207100000	106.467474077777	1.7057752822943804	.8043919689221648	.9013833133722156	614721.066065394050
1048576	16	200.436923250876	95.259327784210	105.177595466666	1.6983072080248427	.8077989649054099	.8905082431194328	617424.218095093614
1048576	32	200.935592333333	95.350127900000	105.585464433333	1.7016852333928173	.8075865615017120	.8940986718911053	616198.565647391113
1048576	64	201.696410500000	94.853724700000	106.842685800000	1.7133400255247914	.8053530237047945	.9079870018199969	612006.948053889079
1048576	128	202.513132630408	95.026452752631	107.486679877777	1.7198323535331061	.8062923483746003	.9135400051585058	609696.635748174580
1048576	256	204.152482811111	93.707248000000	110.445234811111	1.7485102899930520	.8030096745974974	.9455006153955546	599696.785315553786
1048576	4096	214.476138685074	98.889800285074	115.586338400000	2.0717280012942955	.9461067232276355	1.1256212780666600	506135.940309205904
1048576	8192	214.664353346153	98.543742146153	116.120611200000	2.2033350721273520	1.0153070052940220	1.1880280668333300	475904.011725091204
1048576	16384	204.594767259258	98.288444970370	106.306322288888	3.9264523239420632	1.9193135702661601	2.0071387536759031	267054.305894959918
1048576	32768	217.309087152400	99.682898752400	117.626188400000	10.9127808223537947	6.4935191675975447	4.4192616547562500	96086.966014390364
1048576	65536	214.949160030303	97.763704330303	117.185455700000	43.9025777499227525	21.8677251947540025	22.0348525551687500	23884.155640538555
1048576	131072	201.181924123809	98.121715423809	103.060208700000	81.9120068743235791	43.1510083787235791	38.7609984956000000	12801.249047759447
1048576	262144	215.063691916229	97.468659873372	117.595032042857	175.0629380612860396	85.8374728966432909	89.2254651646427487	5989.708681987928
1048576	524288	211.918619162721	97.836140516568	114.082478646153	340.7524183628377032	170.2111781497697374	170.5412402130679658	3077.237147832836
1048576	1048576	213.420011273761	97.816231162650	115.603780111111	682.1016181172710783	337.5941628583380761	344.5074552589330022	1537.272412421872

